fra;jour;n_dose1;n_dose2;n_cum_dose1;couv_dose1;n_cum_dose2;couv_dose2
FR;2020-12-27;17;0;17;0.0;0;0.0
FR;2020-12-28;59;0;76;0.0;0;0.0
FR;2020-12-29;107;0;183;0.0;0;0.0
FR;2020-12-30;115;0;298;0.0;0;0.0
FR;2020-12-31;83;0;381;0.0;0;0.0
FR;2021-01-01;55;0;436;0.0;0;0.0
FR;2021-01-02;71;0;507;0.0;0;0.0
FR;2021-01-03;87;0;594;0.0;0;0.0
FR;2021-01-04;1461;0;2055;0.0;0;0.0
FR;2021-01-05;5339;0;7394;0.0;0;0.0
FR;2021-01-06;11242;0;18636;0.0;0;0.0
FR;2021-01-07;28439;0;47075;0.1;0;0.0
FR;2021-01-08;35865;0;82940;0.1;0;0.0
FR;2021-01-09;10862;0;93802;0.1;0;0.0
FR;2021-01-10;5599;0;99401;0.1;0;0.0
FR;2021-01-11;38692;0;138093;0.2;0;0.0
FR;2021-01-12;60186;0;198279;0.3;0;0.0
FR;2021-01-13;63169;0;261448;0.4;0;0.0
FR;2021-01-14;79320;0;340768;0.5;0;0.0
FR;2021-01-15;66803;0;407571;0.6;0;0.0
FR;2021-01-16;19559;656;427130;0.6;656;0.0
FR;2021-01-17;10433;40;437563;0.7;696;0.0
FR;2021-01-18;84003;187;521566;0.8;883;0.0
FR;2021-01-19;127665;227;649231;1.0;1110;0.0
FR;2021-01-20;134341;154;783572;1.2;1264;0.0
FR;2021-01-21;154314;155;937886;1.4;1419;0.0
FR;2021-01-22;117816;222;1055702;1.6;1641;0.0
FR;2021-01-23;37707;83;1093409;1.6;1724;0.0
FR;2021-01-24;9314;103;1102723;1.6;1827;0.0
FR;2021-01-25;76478;1496;1179201;1.8;3323;0.0
FR;2021-01-26;98177;3919;1277378;1.9;7242;0.0
FR;2021-01-27;105285;6792;1382663;2.1;14034;0.0
FR;2021-01-28;121697;17451;1504360;2.2;31485;0.0
FR;2021-01-29;90555;19603;1594915;2.4;51088;0.1
FR;2021-01-30;28587;4658;1623502;2.4;55746;0.1
FR;2021-01-31;4855;1906;1628357;2.4;57652;0.1
FR;2021-02-01;51322;24094;1679679;2.5;81746;0.1
FR;2021-02-02;70188;40561;1749867;2.6;122307;0.2
FR;2021-02-03;70609;41793;1820476;2.7;164100;0.2
FR;2021-02-04;80006;58453;1900482;2.8;222553;0.3
FR;2021-02-05;66702;49387;1967184;2.9;271940;0.4
FR;2021-02-06;21189;11350;1988373;3.0;283290;0.4
FR;2021-02-07;4809;6443;1993182;3.0;289733;0.4
FR;2021-02-08;45676;49938;2038858;3.0;339671;0.5
FR;2021-02-09;64452;82060;2103310;3.1;421731;0.6
FR;2021-02-10;68734;86949;2172044;3.2;508680;0.8
FR;2021-02-11;84812;109605;2256856;3.4;618285;0.9
FR;2021-02-12;77022;75465;2333878;3.5;693750;1.0
FR;2021-02-13;21531;18646;2355409;3.5;712396;1.1
FR;2021-02-14;4534;6747;2359943;3.5;719143;1.1
FR;2021-02-15;36728;74906;2396671;3.6;794049;1.2
FR;2021-02-16;48743;96359;2445414;3.6;890408;1.3
FR;2021-02-17;48949;107688;2494363;3.7;998096;1.5
FR;2021-02-18;67123;125112;2561486;3.8;1123208;1.7
FR;2021-02-19;63147;90735;2624633;3.9;1213943;1.8
FR;2021-02-20;17841;27616;2642474;3.9;1241559;1.8
FR;2021-02-21;2835;5378;2645309;3.9;1246937;1.9
FR;2021-02-22;36118;70628;2681427;4.0;1317565;2.0
FR;2021-02-23;52044;83484;2733471;4.1;1401049;2.1
FR;2021-02-24;57492;82383;2790963;4.2;1483432;2.2
FR;2021-02-25;97381;88341;2888344;4.3;1571773;2.3
FR;2021-02-26;110519;68834;2998863;4.5;1640607;2.4
FR;2021-02-27;50559;22038;3049422;4.5;1662645;2.5
FR;2021-02-28;5605;3570;3055027;4.6;1666215;2.5
FR;2021-03-01;62797;52349;3117824;4.6;1718564;2.6
FR;2021-03-02;98310;66185;3216134;4.8;1784749;2.7
FR;2021-03-03;112159;64113;3328293;5.0;1848862;2.8
FR;2021-03-04;157526;72854;3485819;5.2;1921716;2.9
FR;2021-03-05;195263;60939;3681082;5.5;1982655;3.0
FR;2021-03-06;201849;16708;3882931;5.8;1999363;3.0
FR;2021-03-07;118673;2390;4001604;6.0;2001753;3.0
FR;2021-03-08;103683;46715;4105287;6.1;2048468;3.1
FR;2021-03-09;167857;53816;4273144;6.4;2102284;3.1
FR;2021-03-10;173741;55499;4446885;6.6;2157783;3.2
FR;2021-03-11;236767;62840;4683652;7.0;2220623;3.3
FR;2021-03-12;287892;51697;4971544;7.4;2272320;3.4
FR;2021-03-13;225806;14695;5197350;7.7;2287015;3.4
FR;2021-03-14;61703;2444;5259053;7.8;2289459;3.4
FR;2021-03-15;154420;29278;5413473;8.1;2318737;3.5
FR;2021-03-16;138558;36932;5552031;8.3;2355669;3.5
FR;2021-03-17;146948;35737;5698979;8.5;2391406;3.6
FR;2021-03-18;163815;42594;5862794;8.7;2434000;3.6
FR;2021-03-19;224715;34825;6087509;9.1;2468825;3.7
FR;2021-03-20;163117;10843;6250626;9.3;2479668;3.7
FR;2021-03-21;48348;1486;6298974;9.4;2481154;3.7
FR;2021-03-22;165289;31840;6464263;9.6;2512994;3.7
FR;2021-03-23;244020;40788;6708283;10.0;2553782;3.8
FR;2021-03-24;250685;42060;6958968;10.4;2595842;3.9
FR;2021-03-25;332833;44160;7291801;10.9;2640002;3.9
FR;2021-03-26;350803;40297;7642604;11.4;2680299;4.0
FR;2021-03-27;190876;16581;7833480;11.7;2696880;4.0
FR;2021-03-28;57333;4718;7890813;11.8;2701598;4.0
FR;2021-03-29;197430;51341;8088243;12.1;2752939;4.1
FR;2021-03-30;276914;68771;8365157;12.5;2821710;4.2
FR;2021-03-31;254531;73031;8619688;12.8;2894741;4.3
FR;2021-04-01;301670;92884;8921358;13.3;2987625;4.5
FR;2021-04-02;273136;94825;9194494;13.7;3082450;4.6
FR;2021-04-03;137592;62267;9332086;13.9;3144717;4.7
FR;2021-04-04;44448;18673;9376534;14.0;3163390;4.7
FR;2021-04-05;58278;9765;9434812;14.1;3173155;4.7
FR;2021-04-06;205164;111979;9639976;14.4;3285134;4.9
FR;2021-04-07;251212;112495;9891188;14.7;3397629;5.1
FR;2021-04-08;324999;121052;10216187;15.2;3518681;5.2
FR;2021-04-09;395557;113865;10611744;15.8;3632546;5.4
FR;2021-04-10;208017;81218;10819761;16.1;3713764;5.5
FR;2021-04-11;54407;33450;10874168;16.2;3747214;5.6
FR;2021-04-12;227343;111284;11101511;16.5;3858498;5.7
FR;2021-04-13;295557;138021;11397068;17.0;3996519;6.0
FR;2021-04-14;279595;135455;11676663;17.4;4131974;6.2
FR;2021-04-15;318821;143151;11995484;17.9;4275125;6.4
FR;2021-04-16;320397;140260;12315881;18.4;4415385;6.6
