reg;jour;n_dose1;n_dose2;n_cum_dose1;n_cum_dose2;couv_dose1;couv_dose2
01;2021-01-08;1;0;1;0;0.0;0.0
01;2021-01-09;2;0;3;0;0.0;0.0
01;2021-01-12;20;0;23;0;0.0;0.0
01;2021-01-13;17;0;40;0;0.0;0.0
01;2021-01-14;35;0;75;0;0.0;0.0
01;2021-01-15;31;0;106;0;0.0;0.0
01;2021-01-18;62;0;168;0;0.0;0.0
01;2021-01-19;104;0;272;0;0.1;0.0
01;2021-01-20;64;0;336;0;0.1;0.0
01;2021-01-21;95;0;431;0;0.1;0.0
01;2021-01-22;85;0;516;0;0.1;0.0
01;2021-01-23;1;0;517;0;0.1;0.0
01;2021-01-25;83;0;600;0;0.2;0.0
01;2021-01-26;99;1;699;1;0.2;0.0
01;2021-01-27;200;0;899;1;0.2;0.0
01;2021-01-28;107;2;1006;3;0.3;0.0
01;2021-01-29;92;1;1098;4;0.3;0.0
01;2021-01-30;2;0;1100;4;0.3;0.0
01;2021-02-01;94;5;1194;9;0.3;0.0
01;2021-02-02;143;24;1337;33;0.4;0.0
01;2021-02-03;132;7;1469;40;0.4;0.0
01;2021-02-04;129;25;1598;65;0.4;0.0
01;2021-02-05;148;28;1746;93;0.5;0.0
01;2021-02-06;1;0;1747;93;0.5;0.0
01;2021-02-08;106;20;1853;113;0.5;0.0
01;2021-02-09;205;37;2058;150;0.5;0.0
01;2021-02-10;130;40;2188;190;0.6;0.1
01;2021-02-11;174;108;2362;298;0.6;0.1
01;2021-02-12;217;37;2579;335;0.7;0.1
01;2021-02-13;0;9;2579;344;0.7;0.1
01;2021-02-14;12;32;2591;376;0.7;0.1
01;2021-02-15;92;31;2683;407;0.7;0.1
01;2021-02-16;13;0;2696;407;0.7;0.1
01;2021-02-18;150;36;2846;443;0.8;0.1
01;2021-02-19;208;58;3054;501;0.8;0.1
01;2021-02-22;105;47;3159;548;0.8;0.1
01;2021-02-23;160;86;3319;634;0.9;0.2
01;2021-02-24;193;110;3512;744;0.9;0.2
01;2021-02-25;152;75;3664;819;1.0;0.2
01;2021-02-26;92;97;3756;916;1.0;0.2
01;2021-03-01;51;83;3807;999;1.0;0.3
01;2021-03-02;156;135;3963;1134;1.1;0.3
01;2021-03-03;53;126;4016;1260;1.1;0.3
01;2021-03-04;104;84;4120;1344;1.1;0.4
01;2021-03-05;189;130;4309;1474;1.1;0.4
01;2021-03-06;74;0;4383;1474;1.2;0.4
01;2021-03-08;77;116;4460;1590;1.2;0.4
01;2021-03-09;172;168;4632;1758;1.2;0.5
01;2021-03-10;150;138;4782;1896;1.3;0.5
01;2021-03-11;92;42;4874;1938;1.3;0.5
01;2021-03-12;195;186;5069;2124;1.3;0.6
01;2021-03-13;26;15;5095;2139;1.4;0.6
01;2021-03-14;2;0;5097;2139;1.4;0.6
01;2021-03-15;111;22;5208;2161;1.4;0.6
02;2021-01-06;5;0;5;0;0.0;0.0
02;2021-01-07;31;0;36;0;0.0;0.0
02;2021-01-08;79;0;115;0;0.0;0.0
02;2021-01-09;20;0;135;0;0.0;0.0
02;2021-01-11;117;0;252;0;0.1;0.0
02;2021-01-12;78;0;330;0;0.1;0.0
02;2021-01-13;64;0;394;0;0.1;0.0
02;2021-01-14;81;0;475;0;0.1;0.0
02;2021-01-15;130;0;605;0;0.2;0.0
02;2021-01-16;51;1;656;1;0.2;0.0
02;2021-01-18;158;0;814;1;0.2;0.0
02;2021-01-19;140;0;954;1;0.3;0.0
02;2021-01-20;163;0;1117;1;0.3;0.0
02;2021-01-21;181;0;1298;1;0.4;0.0
02;2021-01-22;156;0;1454;1;0.4;0.0
02;2021-01-23;58;0;1512;1;0.4;0.0
02;2021-01-25;156;0;1668;1;0.5;0.0
02;2021-01-26;132;0;1800;1;0.5;0.0
02;2021-01-27;158;6;1958;7;0.5;0.0
02;2021-01-28;143;24;2101;31;0.6;0.0
02;2021-01-29;143;57;2244;88;0.6;0.0
02;2021-01-30;95;16;2339;104;0.7;0.0
02;2021-02-01;114;105;2453;209;0.7;0.1
02;2021-02-02;184;81;2637;290;0.7;0.1
02;2021-02-03;127;69;2764;359;0.8;0.1
02;2021-02-04;156;61;2920;420;0.8;0.1
02;2021-02-05;120;87;3040;507;0.8;0.1
02;2021-02-06;62;25;3102;532;0.9;0.1
02;2021-02-07;1;0;3103;532;0.9;0.1
02;2021-02-08;136;94;3239;626;0.9;0.2
02;2021-02-09;172;70;3411;696;1.0;0.2
02;2021-02-10;138;89;3549;785;1.0;0.2
02;2021-02-11;138;108;3687;893;1.0;0.2
02;2021-02-12;123;124;3810;1017;1.1;0.3
02;2021-02-13;38;38;3848;1055;1.1;0.3
02;2021-02-15;51;63;3899;1118;1.1;0.3
02;2021-02-17;0;1;3899;1119;1.1;0.3
02;2021-02-18;65;129;3964;1248;1.1;0.3
02;2021-02-19;69;126;4033;1374;1.1;0.4
02;2021-02-20;48;68;4081;1442;1.1;0.4
02;2021-02-22;96;134;4177;1576;1.2;0.4
02;2021-02-23;112;220;4289;1796;1.2;0.5
02;2021-02-24;93;169;4382;1965;1.2;0.5
02;2021-02-25;78;149;4460;2114;1.2;0.6
02;2021-02-26;111;164;4571;2278;1.3;0.6
02;2021-02-27;68;51;4639;2329;1.3;0.6
02;2021-03-01;137;137;4776;2466;1.3;0.7
02;2021-03-02;155;114;4931;2580;1.4;0.7
02;2021-03-03;177;103;5108;2683;1.4;0.7
02;2021-03-04;140;122;5248;2805;1.5;0.8
02;2021-03-05;231;119;5479;2924;1.5;0.8
02;2021-03-06;116;59;5595;2983;1.6;0.8
02;2021-03-07;95;0;5690;2983;1.6;0.8
02;2021-03-08;191;124;5881;3107;1.6;0.9
02;2021-03-09;272;124;6153;3231;1.7;0.9
02;2021-03-10;320;118;6473;3349;1.8;0.9
02;2021-03-11;301;70;6774;3419;1.9;1.0
02;2021-03-12;383;41;7157;3460;2.0;1.0
02;2021-03-13;151;21;7308;3481;2.0;1.0
02;2021-03-14;7;0;7315;3481;2.0;1.0
02;2021-03-15;241;87;7556;3568;2.1;1.0
03;2021-01-13;30;0;30;0;0.0;0.0
03;2021-01-14;46;0;76;0;0.0;0.0
03;2021-01-15;34;0;110;0;0.0;0.0
03;2021-01-16;18;0;128;0;0.0;0.0
03;2021-01-18;61;0;189;0;0.1;0.0
03;2021-01-19;142;0;331;0;0.1;0.0
03;2021-01-20;132;0;463;0;0.2;0.0
03;2021-01-21;116;0;579;0;0.2;0.0
03;2021-01-22;75;0;654;0;0.2;0.0
03;2021-01-25;56;0;710;0;0.2;0.0
03;2021-01-26;98;0;808;0;0.3;0.0
03;2021-01-27;109;0;917;0;0.3;0.0
03;2021-01-28;96;2;1013;2;0.3;0.0
03;2021-01-29;103;2;1116;4;0.4;0.0
03;2021-02-01;54;0;1170;4;0.4;0.0
03;2021-02-02;122;4;1292;8;0.4;0.0
03;2021-02-03;114;18;1406;26;0.5;0.0
03;2021-02-04;79;37;1485;63;0.5;0.0
03;2021-02-05;57;7;1542;70;0.5;0.0
03;2021-02-08;50;12;1592;82;0.5;0.0
03;2021-02-09;91;38;1683;120;0.6;0.0
03;2021-02-10;99;76;1782;196;0.6;0.1
03;2021-02-11;96;71;1878;267;0.6;0.1
03;2021-02-12;82;43;1960;310;0.7;0.1
03;2021-02-15;26;63;1986;373;0.7;0.1
03;2021-02-16;119;50;2105;423;0.7;0.1
03;2021-02-17;133;123;2238;546;0.8;0.2
03;2021-02-18;100;140;2338;686;0.8;0.2
03;2021-02-19;119;72;2457;758;0.8;0.3
03;2021-02-22;78;48;2535;806;0.9;0.3
03;2021-02-23;152;93;2687;899;0.9;0.3
03;2021-02-24;184;119;2871;1018;1.0;0.4
03;2021-02-25;252;89;3123;1107;1.1;0.4
03;2021-02-26;253;67;3376;1174;1.2;0.4
03;2021-02-27;112;1;3488;1175;1.2;0.4
03;2021-03-01;173;87;3661;1262;1.3;0.4
03;2021-03-02;243;104;3904;1366;1.3;0.5
03;2021-03-03;249;124;4153;1490;1.4;0.5
03;2021-03-04;260;69;4413;1559;1.5;0.5
03;2021-03-05;241;45;4654;1604;1.6;0.6
03;2021-03-06;115;0;4769;1604;1.6;0.6
03;2021-03-08;185;33;4954;1637;1.7;0.6
03;2021-03-09;275;73;5229;1710;1.8;0.6
03;2021-03-10;257;106;5486;1816;1.9;0.6
03;2021-03-11;221;105;5707;1921;2.0;0.7
03;2021-03-12;257;81;5964;2002;2.1;0.7
03;2021-03-13;110;2;6074;2004;2.1;0.7
03;2021-03-15;179;23;6253;2027;2.2;0.7
04;2021-01-01;1;0;1;0;0.0;0.0
04;2021-01-05;2;0;3;0;0.0;0.0
04;2021-01-09;1;0;4;0;0.0;0.0
04;2021-01-15;323;0;327;0;0.0;0.0
04;2021-01-16;26;0;353;0;0.0;0.0
04;2021-01-18;49;0;402;0;0.0;0.0
04;2021-01-19;393;0;795;0;0.1;0.0
04;2021-01-20;440;0;1235;0;0.1;0.0
04;2021-01-21;605;0;1840;0;0.2;0.0
04;2021-01-22;409;0;2249;0;0.3;0.0
04;2021-01-23;75;0;2324;0;0.3;0.0
04;2021-01-25;271;0;2595;0;0.3;0.0
04;2021-01-26;429;0;3024;0;0.4;0.0
04;2021-01-27;317;0;3341;0;0.4;0.0
04;2021-01-28;404;0;3745;0;0.4;0.0
04;2021-01-29;420;2;4165;2;0.5;0.0
04;2021-01-30;419;0;4584;2;0.5;0.0
04;2021-02-01;372;4;4956;6;0.6;0.0
04;2021-02-02;496;3;5452;9;0.6;0.0
04;2021-02-03;590;13;6042;22;0.7;0.0
04;2021-02-04;623;17;6665;39;0.8;0.0
04;2021-02-05;564;239;7229;278;0.8;0.0
04;2021-02-06;499;3;7728;281;0.9;0.0
04;2021-02-08;464;31;8192;312;1.0;0.0
04;2021-02-09;769;112;8961;424;1.0;0.0
04;2021-02-10;747;93;9708;517;1.1;0.1
04;2021-02-11;775;107;10483;624;1.2;0.1
04;2021-02-12;635;79;11118;703;1.3;0.1
04;2021-02-13;541;20;11659;723;1.4;0.1
04;2021-02-14;1;0;11660;723;1.4;0.1
04;2021-02-15;522;152;12182;875;1.4;0.1
04;2021-02-16;642;501;12824;1376;1.5;0.2
04;2021-02-17;525;368;13349;1744;1.6;0.2
04;2021-02-18;478;472;13827;2216;1.6;0.3
04;2021-02-19;498;283;14325;2499;1.7;0.3
04;2021-02-20;572;105;14897;2604;1.7;0.3
04;2021-02-22;400;231;15297;2835;1.8;0.3
04;2021-02-23;603;236;15900;3071;1.8;0.4
04;2021-02-24;561;269;16461;3340;1.9;0.4
04;2021-02-25;622;307;17083;3647;2.0;0.4
04;2021-02-26;469;446;17552;4093;2.0;0.5
04;2021-02-27;342;402;17894;4495;2.1;0.5
04;2021-03-01;281;408;18175;4903;2.1;0.6
04;2021-03-02;459;609;18634;5512;2.2;0.6
04;2021-03-03;744;677;19378;6189;2.3;0.7
04;2021-03-04;733;615;20111;6804;2.3;0.8
04;2021-03-05;719;489;20830;7293;2.4;0.8
04;2021-03-06;805;425;21635;7718;2.5;0.9
04;2021-03-08;427;484;22062;8202;2.6;1.0
04;2021-03-09;611;664;22673;8866;2.6;1.0
04;2021-03-10;614;696;23287;9562;2.7;1.1
04;2021-03-11;595;610;23882;10172;2.8;1.2
04;2021-03-12;700;618;24582;10790;2.9;1.3
04;2021-03-13;666;595;25248;11385;2.9;1.3
04;2021-03-15;488;480;25736;11865;3.0;1.4
06;2021-01-11;9;0;9;0;0.0;0.0
06;2021-01-23;1;0;10;0;0.0;0.0
06;2021-01-25;133;0;143;0;0.1;0.0
06;2021-01-26;155;1;298;1;0.1;0.0
06;2021-01-27;234;0;532;1;0.2;0.0
06;2021-01-28;92;0;624;1;0.2;0.0
06;2021-01-29;222;1;846;2;0.3;0.0
06;2021-01-30;283;0;1129;2;0.4;0.0
06;2021-01-31;1;0;1130;2;0.4;0.0
06;2021-02-01;100;2;1230;4;0.4;0.0
06;2021-02-02;327;0;1557;4;0.6;0.0
06;2021-02-03;214;0;1771;4;0.6;0.0
06;2021-02-04;213;0;1984;4;0.7;0.0
06;2021-02-05;211;0;2195;4;0.8;0.0
06;2021-02-06;82;0;2277;4;0.8;0.0
06;2021-02-08;79;2;2356;6;0.8;0.0
06;2021-02-09;159;2;2515;8;0.9;0.0
06;2021-02-10;152;0;2667;8;1.0;0.0
06;2021-02-11;221;0;2888;8;1.0;0.0
06;2021-02-12;268;1;3156;9;1.1;0.0
06;2021-02-13;56;0;3212;9;1.1;0.0
06;2021-02-15;267;1;3479;10;1.2;0.0
06;2021-02-16;247;7;3726;17;1.3;0.0
06;2021-02-17;165;0;3891;17;1.4;0.0
06;2021-02-18;163;3;4054;20;1.5;0.0
06;2021-02-19;223;7;4277;27;1.5;0.0
06;2021-02-20;134;4;4411;31;1.6;0.0
06;2021-02-22;107;153;4518;184;1.6;0.1
06;2021-02-23;174;163;4692;347;1.7;0.1
06;2021-02-24;163;116;4855;463;1.7;0.2
06;2021-02-25;180;211;5035;674;1.8;0.2
06;2021-02-26;226;263;5261;937;1.9;0.3
06;2021-03-01;129;242;5390;1179;1.9;0.4
06;2021-03-02;194;253;5584;1432;2.0;0.5
06;2021-03-03;159;115;5743;1547;2.1;0.6
06;2021-03-04;174;83;5917;1630;2.1;0.6
06;2021-03-05;98;61;6015;1691;2.2;0.6
06;2021-03-08;120;24;6135;1715;2.2;0.6
06;2021-03-09;315;31;6450;1746;2.3;0.6
06;2021-03-10;107;131;6557;1877;2.3;0.7
06;2021-03-11;104;62;6661;1939;2.4;0.7
06;2021-03-12;160;93;6821;2032;2.4;0.7
06;2021-03-15;138;269;6959;2301;2.5;0.8
07;2021-01-15;1;0;1;0;0.0;0.0
07;2021-01-21;2;0;3;0;0.0;0.0
07;2021-01-28;1;0;4;0;0.0;0.0
07;2021-02-03;7;0;11;0;0.1;0.0
07;2021-02-04;12;0;23;0;0.2;0.0
07;2021-02-05;10;2;33;2;0.3;0.0
07;2021-02-08;9;0;42;2;0.4;0.0
07;2021-02-09;25;0;67;2;0.7;0.0
07;2021-02-10;18;0;85;2;0.9;0.0
07;2021-02-11;31;0;116;2;1.2;0.0
07;2021-02-12;21;0;137;2;1.4;0.0
07;2021-02-16;1;0;138;2;1.4;0.0
07;2021-02-17;0;1;138;3;1.4;0.0
07;2021-02-18;17;2;155;5;1.6;0.1
07;2021-02-19;22;0;177;5;1.8;0.1
07;2021-02-24;20;0;197;5;2.0;0.1
07;2021-02-25;13;10;210;15;2.1;0.2
07;2021-02-26;20;10;230;25;2.3;0.3
07;2021-03-02;14;13;244;38;2.4;0.4
07;2021-03-03;27;0;271;38;2.7;0.4
07;2021-03-04;25;20;296;58;3.0;0.6
07;2021-03-05;17;9;313;67;3.1;0.7
07;2021-03-08;1;0;314;67;3.2;0.7
07;2021-03-09;1;0;315;67;3.2;0.7
07;2021-03-10;16;15;331;82;3.3;0.8
07;2021-03-11;17;16;348;98;3.5;1.0
07;2021-03-12;26;20;374;118;3.8;1.2
07;2021-03-14;11;0;385;118;3.9;1.2
07;2021-03-15;1;0;386;118;3.9;1.2
08;2021-02-02;3;0;3;0;0.0;0.0
08;2021-02-04;28;0;31;0;0.1;0.0
08;2021-02-09;2;0;33;0;0.1;0.0
08;2021-02-10;2;0;35;0;0.1;0.0
08;2021-02-15;2;0;37;0;0.1;0.0
08;2021-02-19;1;0;38;0;0.1;0.0
08;2021-02-22;1;0;39;0;0.1;0.0
08;2021-02-23;3;0;42;0;0.1;0.0
08;2021-02-25;37;3;79;3;0.2;0.0
08;2021-02-26;32;4;111;7;0.3;0.0
08;2021-03-01;44;2;155;9;0.4;0.0
08;2021-03-02;5;41;160;50;0.5;0.1
08;2021-03-03;32;14;192;64;0.5;0.2
08;2021-03-04;25;20;217;84;0.6;0.2
08;2021-03-05;33;9;250;93;0.7;0.3
08;2021-03-08;29;7;279;100;0.8;0.3
08;2021-03-09;19;29;298;129;0.8;0.4
08;2021-03-10;21;25;319;154;0.9;0.4
08;2021-03-12;49;21;368;175;1.0;0.5
08;2021-03-15;28;42;396;217;1.1;0.6
11;2020-12-27;12;0;12;0;0.0;0.0
11;2020-12-28;6;0;18;0;0.0;0.0
11;2020-12-29;55;0;73;0;0.0;0.0
11;2020-12-30;78;0;151;0;0.0;0.0
11;2020-12-31;37;0;188;0;0.0;0.0
11;2021-01-01;20;0;208;0;0.0;0.0
11;2021-01-02;57;0;265;0;0.0;0.0
11;2021-01-03;76;0;341;0;0.0;0.0
11;2021-01-04;540;0;881;0;0.0;0.0
11;2021-01-05;1995;0;2876;0;0.0;0.0
11;2021-01-06;2907;0;5783;0;0.0;0.0
11;2021-01-07;5160;0;10943;0;0.1;0.0
11;2021-01-08;6742;0;17685;0;0.1;0.0
11;2021-01-09;1851;0;19536;0;0.2;0.0
11;2021-01-10;1719;0;21255;0;0.2;0.0
11;2021-01-11;7654;0;28909;0;0.2;0.0
11;2021-01-12;9881;0;38790;0;0.3;0.0
11;2021-01-13;9556;0;48346;0;0.4;0.0
11;2021-01-14;9744;0;58090;0;0.5;0.0
11;2021-01-15;8585;0;66675;0;0.5;0.0
11;2021-01-16;2354;81;69029;81;0.6;0.0
11;2021-01-17;1070;1;70099;82;0.6;0.0
11;2021-01-18;12005;9;82104;91;0.7;0.0
11;2021-01-19;15469;31;97573;122;0.8;0.0
11;2021-01-20;18028;21;115601;143;0.9;0.0
11;2021-01-21;21763;35;137364;178;1.1;0.0
11;2021-01-22;16682;82;154046;260;1.3;0.0
11;2021-01-23;4909;30;158955;290;1.3;0.0
11;2021-01-24;1241;54;160196;344;1.3;0.0
11;2021-01-25;8754;190;168950;534;1.4;0.0
11;2021-01-26;12206;403;181156;937;1.5;0.0
11;2021-01-27;16010;764;197166;1701;1.6;0.0
11;2021-01-28;20033;1440;217199;3141;1.8;0.0
11;2021-01-29;15175;1562;232374;4703;1.9;0.0
11;2021-01-30;4420;143;236794;4846;1.9;0.0
11;2021-01-31;581;158;237375;5004;1.9;0.0
11;2021-02-01;7301;2499;244676;7503;2.0;0.1
11;2021-02-02;8235;3924;252911;11427;2.1;0.1
11;2021-02-03;8070;4814;260981;16241;2.1;0.1
11;2021-02-04;8732;6126;269713;22367;2.2;0.2
11;2021-02-05;8853;6003;278566;28370;2.3;0.2
11;2021-02-06;3229;1453;281795;29823;2.3;0.2
11;2021-02-07;576;1352;282371;31175;2.3;0.3
11;2021-02-08;6131;7207;288502;38382;2.3;0.3
11;2021-02-09;8292;11385;296794;49767;2.4;0.4
11;2021-02-10;9891;13699;306685;63466;2.5;0.5
11;2021-02-11;11913;15524;318598;78990;2.6;0.6
11;2021-02-12;11524;10885;330122;89875;2.7;0.7
11;2021-02-13;2640;1987;332762;91862;2.7;0.7
11;2021-02-14;290;602;333052;92464;2.7;0.8
11;2021-02-15;4306;10849;337358;103313;2.7;0.8
11;2021-02-16;5435;13611;342793;116924;2.8;1.0
11;2021-02-17;5602;16619;348395;133543;2.8;1.1
11;2021-02-18;8321;20782;356716;154325;2.9;1.3
11;2021-02-19;8750;14507;365466;168832;3.0;1.4
11;2021-02-20;1615;3810;367081;172642;3.0;1.4
11;2021-02-21;389;851;367470;173493;3.0;1.4
11;2021-02-22;4064;9001;371534;182494;3.0;1.5
11;2021-02-23;4741;10005;376275;192499;3.1;1.6
11;2021-02-24;5185;9598;381460;202097;3.1;1.6
11;2021-02-25;8182;10105;389642;212202;3.2;1.7
11;2021-02-26;10814;9517;400456;221719;3.3;1.8
11;2021-02-27;4943;3164;405399;224883;3.3;1.8
11;2021-02-28;673;545;406072;225428;3.3;1.8
11;2021-03-01;8270;7416;414342;232844;3.4;1.9
11;2021-03-02;13614;8983;427956;241827;3.5;2.0
11;2021-03-03;17785;9490;445741;251317;3.6;2.0
11;2021-03-04;26318;10843;472059;262160;3.8;2.1
11;2021-03-05;34743;9676;506802;271836;4.1;2.2
11;2021-03-06;45300;2591;552102;274427;4.5;2.2
11;2021-03-07;33668;506;585770;274933;4.8;2.2
11;2021-03-08;16844;5935;602614;280868;4.9;2.3
11;2021-03-09;25589;6414;628203;287282;5.1;2.3
11;2021-03-10;25624;7384;653827;294666;5.3;2.4
11;2021-03-11;33024;8597;686851;303263;5.6;2.5
11;2021-03-12;41047;7605;727898;310868;5.9;2.5
11;2021-03-13;38301;1740;766199;312608;6.2;2.5
11;2021-03-14;13837;343;780036;312951;6.4;2.5
11;2021-03-15;25735;2155;805771;315106;6.6;2.6
24;2020-12-28;17;0;17;0;0.0;0.0
24;2020-12-29;9;0;26;0;0.0;0.0
24;2021-01-01;1;0;27;0;0.0;0.0
24;2021-01-04;24;0;51;0;0.0;0.0
24;2021-01-05;163;0;214;0;0.0;0.0
24;2021-01-06;327;0;541;0;0.0;0.0
24;2021-01-07;490;0;1031;0;0.0;0.0
24;2021-01-08;951;0;1982;0;0.1;0.0
24;2021-01-09;502;0;2484;0;0.1;0.0
24;2021-01-10;395;0;2879;0;0.1;0.0
24;2021-01-11;1278;0;4157;0;0.2;0.0
24;2021-01-12;2572;0;6729;0;0.3;0.0
24;2021-01-13;2141;0;8870;0;0.3;0.0
24;2021-01-14;2459;0;11329;0;0.4;0.0
24;2021-01-15;2056;0;13385;0;0.5;0.0
24;2021-01-16;851;55;14236;55;0.6;0.0
24;2021-01-17;312;1;14548;56;0.6;0.0
24;2021-01-18;3206;6;17754;62;0.7;0.0
24;2021-01-19;6269;17;24023;79;0.9;0.0
24;2021-01-20;7107;0;31130;79;1.2;0.0
24;2021-01-21;7364;1;38494;80;1.5;0.0
24;2021-01-22;5080;0;43574;80;1.7;0.0
24;2021-01-23;1270;1;44844;81;1.8;0.0
24;2021-01-24;225;0;45069;81;1.8;0.0
24;2021-01-25;3104;14;48173;95;1.9;0.0
24;2021-01-26;4677;96;52850;191;2.1;0.0
24;2021-01-27;5020;245;57870;436;2.3;0.0
24;2021-01-28;5597;535;63467;971;2.5;0.0
24;2021-01-29;3417;689;66884;1660;2.6;0.1
24;2021-01-30;1207;393;68091;2053;2.7;0.1
24;2021-01-31;251;348;68342;2401;2.7;0.1
24;2021-02-01;2170;973;70512;3374;2.8;0.1
24;2021-02-02;3020;2134;73532;5508;2.9;0.2
24;2021-02-03;3108;1754;76640;7262;3.0;0.3
24;2021-02-04;3226;1687;79866;8949;3.1;0.3
24;2021-02-05;2385;1271;82251;10220;3.2;0.4
24;2021-02-06;705;261;82956;10481;3.2;0.4
24;2021-02-07;134;31;83090;10512;3.2;0.4
24;2021-02-08;1968;1607;85058;12119;3.3;0.5
24;2021-02-09;3367;3716;88425;15835;3.5;0.6
24;2021-02-10;4047;4127;92472;19962;3.6;0.8
24;2021-02-11;4639;5299;97111;25261;3.8;1.0
24;2021-02-12;3442;3181;100553;28442;3.9;1.1
24;2021-02-13;838;691;101391;29133;4.0;1.1
24;2021-02-14;427;121;101818;29254;4.0;1.1
24;2021-02-15;1971;3011;103789;32265;4.1;1.3
24;2021-02-16;2766;4591;106555;36856;4.2;1.4
24;2021-02-17;2679;5140;109234;41996;4.3;1.6
24;2021-02-18;3447;5180;112681;47176;4.4;1.8
24;2021-02-19;3122;3376;115803;50552;4.5;2.0
24;2021-02-20;1283;939;117086;51491;4.6;2.0
24;2021-02-21;424;144;117510;51635;4.6;2.0
24;2021-02-22;1620;2741;119130;54376;4.7;2.1
24;2021-02-23;2326;3055;121456;57431;4.7;2.2
24;2021-02-24;2080;3308;123536;60739;4.8;2.4
24;2021-02-25;3541;3203;127077;63942;5.0;2.5
24;2021-02-26;4387;2587;131464;66529;5.1;2.6
24;2021-02-27;1863;908;133327;67437;5.2;2.6
24;2021-02-28;96;157;133423;67594;5.2;2.6
24;2021-03-01;2129;1944;135552;69538;5.3;2.7
24;2021-03-02;3378;3003;138930;72541;5.4;2.8
24;2021-03-03;3491;3473;142421;76014;5.6;3.0
24;2021-03-04;5192;3790;147613;79804;5.8;3.1
24;2021-03-05;6732;2580;154345;82384;6.0;3.2
24;2021-03-06;7307;606;161652;82990;6.3;3.2
24;2021-03-07;2278;155;163930;83145;6.4;3.2
24;2021-03-08;2624;2301;166554;85446;6.5;3.3
24;2021-03-09;5667;2651;172221;88097;6.7;3.4
24;2021-03-10;6325;3383;178546;91480;7.0;3.6
24;2021-03-11;7606;3379;186152;94859;7.3;3.7
24;2021-03-12;10190;2319;196342;97178;7.7;3.8
24;2021-03-13;6901;670;203243;97848;7.9;3.8
24;2021-03-14;1498;250;204741;98098;8.0;3.8
24;2021-03-15;4391;1823;209132;99921;8.2;3.9
27;2020-12-27;4;0;4;0;0.0;0.0
27;2020-12-29;19;0;23;0;0.0;0.0
27;2020-12-30;20;0;43;0;0.0;0.0
27;2021-01-03;1;0;44;0;0.0;0.0
27;2021-01-04;26;0;70;0;0.0;0.0
27;2021-01-05;261;0;331;0;0.0;0.0
27;2021-01-06;713;0;1044;0;0.0;0.0
27;2021-01-07;1551;0;2595;0;0.1;0.0
27;2021-01-08;1895;0;4490;0;0.2;0.0
27;2021-01-09;687;0;5177;0;0.2;0.0
27;2021-01-10;3;0;5180;0;0.2;0.0
27;2021-01-11;2401;0;7581;0;0.3;0.0
27;2021-01-12;3715;0;11296;0;0.4;0.0
27;2021-01-13;3763;0;15059;0;0.5;0.0
27;2021-01-14;4640;0;19699;0;0.7;0.0
27;2021-01-15;3532;0;23231;0;0.8;0.0
27;2021-01-16;783;40;24014;40;0.9;0.0
27;2021-01-17;116;0;24130;40;0.9;0.0
27;2021-01-18;6203;1;30333;41;1.1;0.0
27;2021-01-19;8318;24;38651;65;1.4;0.0
27;2021-01-20;7873;20;46524;85;1.7;0.0
27;2021-01-21;9362;1;55886;86;2.0;0.0
27;2021-01-22;7634;1;63520;87;2.3;0.0
27;2021-01-23;2973;0;66493;87;2.4;0.0
27;2021-01-24;346;0;66839;87;2.4;0.0
27;2021-01-25;5205;17;72044;104;2.6;0.0
27;2021-01-26;7341;307;79385;411;2.9;0.0
27;2021-01-27;7025;622;86410;1033;3.1;0.0
27;2021-01-28;6183;1189;92593;2222;3.3;0.1
27;2021-01-29;5822;1458;98415;3680;3.5;0.1
27;2021-01-30;2466;351;100881;4031;3.6;0.1
27;2021-01-31;250;3;101131;4034;3.6;0.1
27;2021-02-01;3355;1726;104486;5760;3.8;0.2
27;2021-02-02;4044;2840;108530;8600;3.9;0.3
27;2021-02-03;3618;2964;112148;11564;4.0;0.4
27;2021-02-04;3692;3373;115840;14937;4.2;0.5
27;2021-02-05;3233;2638;119073;17575;4.3;0.6
27;2021-02-06;1603;654;120676;18229;4.3;0.7
27;2021-02-07;5;4;120681;18233;4.3;0.7
27;2021-02-08;2909;2626;123590;20859;4.4;0.7
27;2021-02-09;3008;3816;126598;24675;4.5;0.9
27;2021-02-10;3037;3912;129635;28587;4.7;1.0
27;2021-02-11;3246;5198;132881;33785;4.8;1.2
27;2021-02-12;2712;4040;135593;37825;4.9;1.4
27;2021-02-13;982;1426;136575;39251;4.9;1.4
27;2021-02-14;257;221;136832;39472;4.9;1.4
27;2021-02-15;1226;5225;138058;44697;5.0;1.6
27;2021-02-16;1486;7253;139544;51950;5.0;1.9
27;2021-02-17;1783;6750;141327;58700;5.1;2.1
27;2021-02-18;2077;6229;143404;64929;5.2;2.3
27;2021-02-19;1683;5449;145087;70378;5.2;2.5
27;2021-02-20;698;2056;145785;72434;5.2;2.6
27;2021-02-21;0;149;145785;72583;5.2;2.6
27;2021-02-22;935;4712;146720;77295;5.3;2.8
27;2021-02-23;1186;5105;147906;82400;5.3;3.0
27;2021-02-24;1453;4753;149359;87153;5.4;3.1
27;2021-02-25;2867;4824;152226;91977;5.5;3.3
27;2021-02-26;3597;3911;155823;95888;5.6;3.4
27;2021-02-27;1889;1925;157712;97813;5.7;3.5
27;2021-02-28;106;210;157818;98023;5.7;3.5
27;2021-03-01;3553;3286;161371;101309;5.8;3.6
27;2021-03-02;5219;4004;166590;105313;6.0;3.8
27;2021-03-03;5810;3509;172400;108822;6.2;3.9
27;2021-03-04;7321;3491;179721;112313;6.5;4.0
27;2021-03-05;9342;2813;189063;115126;6.8;4.1
27;2021-03-06;6223;949;195286;116075;7.0;4.2
27;2021-03-07;834;14;196120;116089;7.0;4.2
27;2021-03-08;4485;3204;200605;119293;7.2;4.3
27;2021-03-09;8128;3040;208733;122333;7.5;4.4
27;2021-03-10;8213;2626;216946;124959;7.8;4.5
27;2021-03-11;9789;2807;226735;127766;8.1;4.6
27;2021-03-12;11456;2177;238191;129943;8.6;4.7
27;2021-03-13;6873;511;245064;130454;8.8;4.7
27;2021-03-14;241;1;245305;130455;8.8;4.7
27;2021-03-15;6828;1063;252133;131518;9.1;4.7
28;2020-12-29;2;0;2;0;0.0;0.0
28;2020-12-31;1;0;3;0;0.0;0.0
28;2021-01-03;1;0;4;0;0.0;0.0
28;2021-01-04;16;0;20;0;0.0;0.0
28;2021-01-05;169;0;189;0;0.0;0.0
28;2021-01-06;1374;0;1563;0;0.0;0.0
28;2021-01-07;2583;0;4146;0;0.1;0.0
28;2021-01-08;3399;0;7545;0;0.2;0.0
28;2021-01-09;1326;0;8871;0;0.3;0.0
28;2021-01-10;703;0;9574;0;0.3;0.0
28;2021-01-11;3158;0;12732;0;0.4;0.0
28;2021-01-12;3902;0;16634;0;0.5;0.0
28;2021-01-13;4265;0;20899;0;0.6;0.0
28;2021-01-14;7951;0;28850;0;0.9;0.0
28;2021-01-15;6172;0;35022;0;1.1;0.0
28;2021-01-16;2082;61;37104;61;1.1;0.0
28;2021-01-17;4060;2;41164;63;1.2;0.0
28;2021-01-18;8680;2;49844;65;1.5;0.0
28;2021-01-19;7067;0;56911;65;1.7;0.0
28;2021-01-20;6486;0;63397;65;1.9;0.0
28;2021-01-21;5970;0;69367;65;2.1;0.0
28;2021-01-22;5437;1;74804;66;2.3;0.0
28;2021-01-23;2016;2;76820;68;2.3;0.0
28;2021-01-24;1443;9;78263;77;2.4;0.0
28;2021-01-25;6215;166;84478;243;2.6;0.0
28;2021-01-26;4569;491;89047;734;2.7;0.0
28;2021-01-27;4012;841;93059;1575;2.8;0.0
28;2021-01-28;3738;1032;96797;2607;2.9;0.1
28;2021-01-29;3483;1349;100280;3956;3.0;0.1
28;2021-01-30;1386;511;101666;4467;3.1;0.1
28;2021-01-31;195;123;101861;4590;3.1;0.1
28;2021-02-01;2778;1740;104639;6330;3.2;0.2
28;2021-02-02;2972;2566;107611;8896;3.3;0.3
28;2021-02-03;2941;3122;110552;12018;3.3;0.4
28;2021-02-04;3697;6240;114249;18258;3.5;0.6
28;2021-02-05;3861;4324;118110;22582;3.6;0.7
28;2021-02-06;1128;1475;119238;24057;3.6;0.7
28;2021-02-07;714;2604;119952;26661;3.6;0.8
28;2021-02-08;3785;7704;123737;34365;3.7;1.0
28;2021-02-09;3437;5712;127174;40077;3.8;1.2
28;2021-02-10;3402;4665;130576;44742;4.0;1.4
28;2021-02-11;4093;4793;134669;49535;4.1;1.5
28;2021-02-12;3944;4257;138613;53792;4.2;1.6
28;2021-02-13;1116;1585;139729;55377;4.2;1.7
28;2021-02-14;282;1307;140011;56684;4.2;1.7
28;2021-02-15;2163;6190;142174;62874;4.3;1.9
28;2021-02-16;2622;5148;144796;68022;4.4;2.1
28;2021-02-17;1915;4403;146711;72425;4.4;2.2
28;2021-02-18;2488;4025;149199;76450;4.5;2.3
28;2021-02-19;2469;3502;151668;79952;4.6;2.4
28;2021-02-20;908;1245;152576;81197;4.6;2.5
28;2021-02-21;100;299;152676;81496;4.6;2.5
28;2021-02-22;1655;3961;154331;85457;4.7;2.6
28;2021-02-23;2139;3662;156470;89119;4.7;2.7
28;2021-02-24;2333;3780;158803;92899;4.8;2.8
28;2021-02-25;4678;4213;163481;97112;4.9;2.9
28;2021-02-26;5707;3681;169188;100793;5.1;3.1
28;2021-02-27;2973;1059;172161;101852;5.2;3.1
28;2021-02-28;340;358;172501;102210;5.2;3.1
28;2021-03-01;2486;4784;174987;106994;5.3;3.2
28;2021-03-02;3850;3922;178837;110916;5.4;3.4
28;2021-03-03;4659;3080;183496;113996;5.6;3.5
28;2021-03-04;7049;2613;190545;116609;5.8;3.5
28;2021-03-05;9841;2231;200386;118840;6.1;3.6
28;2021-03-06;9718;669;210104;119509;6.4;3.6
28;2021-03-07;3744;110;213848;119619;6.5;3.6
28;2021-03-08;5760;3066;219608;122685;6.6;3.7
28;2021-03-09;9104;2660;228712;125345;6.9;3.8
28;2021-03-10;9491;2165;238203;127510;7.2;3.9
28;2021-03-11;13613;1790;251816;129300;7.6;3.9
28;2021-03-12;17282;1307;269098;130607;8.1;4.0
28;2021-03-13;10830;461;279928;131068;8.5;4.0
28;2021-03-14;2201;41;282129;131109;8.5;4.0
28;2021-03-15;8317;685;290446;131794;8.8;4.0
32;2020-12-28;26;0;26;0;0.0;0.0
32;2020-12-29;12;0;38;0;0.0;0.0
32;2021-01-01;1;0;39;0;0.0;0.0
32;2021-01-03;2;0;41;0;0.0;0.0
32;2021-01-04;81;0;122;0;0.0;0.0
32;2021-01-05;297;0;419;0;0.0;0.0
32;2021-01-06;785;0;1204;0;0.0;0.0
32;2021-01-07;2420;0;3624;0;0.1;0.0
32;2021-01-08;3126;0;6750;0;0.1;0.0
32;2021-01-09;955;0;7705;0;0.1;0.0
32;2021-01-10;633;0;8338;0;0.1;0.0
32;2021-01-11;3166;0;11504;0;0.2;0.0
32;2021-01-12;4816;0;16320;0;0.3;0.0
32;2021-01-13;4812;0;21132;0;0.4;0.0
32;2021-01-14;5542;0;26674;0;0.4;0.0
32;2021-01-15;5043;0;31717;0;0.5;0.0
32;2021-01-16;1631;39;33348;39;0.6;0.0
32;2021-01-17;855;0;34203;39;0.6;0.0
32;2021-01-18;7092;1;41295;40;0.7;0.0
32;2021-01-19;9771;31;51066;71;0.9;0.0
32;2021-01-20;10170;7;61236;78;1.0;0.0
32;2021-01-21;12409;6;73645;84;1.2;0.0
32;2021-01-22;9676;1;83321;85;1.4;0.0
32;2021-01-23;3354;0;86675;85;1.5;0.0
32;2021-01-24;1119;13;87794;98;1.5;0.0
32;2021-01-25;6737;122;94531;220;1.6;0.0
32;2021-01-26;7290;202;101821;422;1.7;0.0
32;2021-01-27;4798;536;106619;958;1.8;0.0
32;2021-01-28;8452;2151;115071;3109;1.9;0.1
32;2021-01-29;5281;2217;120352;5326;2.0;0.1
32;2021-01-30;533;454;120885;5780;2.0;0.1
32;2021-01-31;66;136;120951;5916;2.0;0.1
32;2021-02-01;191;2274;121142;8190;2.0;0.1
32;2021-02-02;775;3603;121917;11793;2.0;0.2
32;2021-02-03;4043;3223;125960;15016;2.1;0.3
32;2021-02-04;3669;3786;129629;18802;2.2;0.3
32;2021-02-05;1963;3544;131592;22346;2.2;0.4
32;2021-02-06;509;957;132101;23303;2.2;0.4
32;2021-02-07;533;194;132634;23497;2.2;0.4
32;2021-02-08;1852;3565;134486;27062;2.3;0.5
32;2021-02-09;2540;4528;137026;31590;2.3;0.5
32;2021-02-10;2930;5415;139956;37005;2.3;0.6
32;2021-02-11;4710;6689;144666;43694;2.4;0.7
32;2021-02-12;4973;4767;149639;48461;2.5;0.8
32;2021-02-13;927;1865;150566;50326;2.5;0.8
32;2021-02-14;115;1035;150681;51361;2.5;0.9
32;2021-02-15;3462;7181;154143;58542;2.6;1.0
32;2021-02-16;3990;8301;158133;66843;2.7;1.1
32;2021-02-17;4204;8578;162337;75421;2.7;1.3
32;2021-02-18;6738;12166;169075;87587;2.8;1.5
32;2021-02-19;6850;8106;175925;95693;3.0;1.6
32;2021-02-20;2480;2527;178405;98220;3.0;1.6
32;2021-02-21;431;347;178836;98567;3.0;1.7
32;2021-02-22;3163;5014;181999;103581;3.1;1.7
32;2021-02-23;5354;5544;187353;109125;3.1;1.8
32;2021-02-24;7251;6124;194604;115249;3.3;1.9
32;2021-02-25;12584;4435;207188;119684;3.5;2.0
32;2021-02-26;12308;2268;219496;121952;3.7;2.0
32;2021-02-27;6251;271;225747;122223;3.8;2.0
32;2021-02-28;302;111;226049;122334;3.8;2.1
32;2021-03-01;6970;373;233019;122707;3.9;2.1
32;2021-03-02;10693;551;243712;123258;4.1;2.1
32;2021-03-03;11733;845;255445;124103;4.3;2.1
32;2021-03-04;14472;1726;269917;125829;4.5;2.1
32;2021-03-05;16793;1405;286710;127234;4.8;2.1
32;2021-03-06;27369;565;314079;127799;5.3;2.1
32;2021-03-07;19590;105;333669;127904;5.6;2.1
32;2021-03-08;8771;2097;342440;130001;5.7;2.2
32;2021-03-09;13830;2711;356270;132712;6.0;2.2
32;2021-03-10;15279;2861;371549;135573;6.2;2.3
32;2021-03-11;20377;4340;391926;139913;6.6;2.3
32;2021-03-12;25081;3510;417007;143423;7.0;2.4
32;2021-03-13;40044;1230;457051;144653;7.7;2.4
32;2021-03-14;19131;113;476182;144766;8.0;2.4
32;2021-03-15;12157;2718;488339;147484;8.2;2.5
44;2020-12-31;11;0;11;0;0.0;0.0
44;2021-01-02;3;0;14;0;0.0;0.0
44;2021-01-03;1;0;15;0;0.0;0.0
44;2021-01-04;239;0;254;0;0.0;0.0
44;2021-01-05;769;0;1023;0;0.0;0.0
44;2021-01-06;1241;0;2264;0;0.0;0.0
44;2021-01-07;2388;0;4652;0;0.1;0.0
44;2021-01-08;3057;0;7709;0;0.1;0.0
44;2021-01-09;924;0;8633;0;0.2;0.0
44;2021-01-10;223;0;8856;0;0.2;0.0
44;2021-01-11;2906;0;11762;0;0.2;0.0
44;2021-01-12;5121;0;16883;0;0.3;0.0
44;2021-01-13;7503;0;24386;0;0.4;0.0
44;2021-01-14;9281;0;33667;0;0.6;0.0
44;2021-01-15;6490;0;40157;0;0.7;0.0
44;2021-01-16;1882;70;42039;70;0.8;0.0
44;2021-01-17;902;0;42941;70;0.8;0.0
44;2021-01-18;8672;1;51613;71;0.9;0.0
44;2021-01-19;10548;1;62161;72;1.1;0.0
44;2021-01-20;10850;4;73011;76;1.3;0.0
44;2021-01-21;11638;7;84649;83;1.5;0.0
44;2021-01-22;9552;4;94201;87;1.7;0.0
44;2021-01-23;3280;15;97481;102;1.8;0.0
44;2021-01-24;1565;6;99046;108;1.8;0.0
44;2021-01-25;6540;295;105586;403;1.9;0.0
44;2021-01-26;5626;447;111212;850;2.0;0.0
44;2021-01-27;7344;653;118556;1503;2.2;0.0
44;2021-01-28;8771;1398;127327;2901;2.3;0.1
44;2021-01-29;6735;1939;134062;4840;2.4;0.1
44;2021-01-30;2535;635;136597;5475;2.5;0.1
44;2021-01-31;1243;139;137840;5614;2.5;0.1
44;2021-02-01;6298;2340;144138;7954;2.6;0.1
44;2021-02-02;6067;4348;150205;12302;2.7;0.2
44;2021-02-03;5488;5248;155693;17550;2.8;0.3
44;2021-02-04;6248;7882;161941;25432;2.9;0.5
44;2021-02-05;6249;5053;168190;30485;3.1;0.6
44;2021-02-06;1960;1306;170150;31791;3.1;0.6
44;2021-02-07;406;685;170556;32476;3.1;0.6
44;2021-02-08;3790;4648;174346;37124;3.2;0.7
44;2021-02-09;5591;5959;179937;43083;3.3;0.8
44;2021-02-10;6119;6137;186056;49220;3.4;0.9
44;2021-02-11;6938;6941;192994;56161;3.5;1.0
44;2021-02-12;7163;5205;200157;61366;3.6;1.1
44;2021-02-13;2509;1181;202666;62547;3.7;1.1
44;2021-02-14;1608;1088;204274;63635;3.7;1.2
44;2021-02-15;3862;6665;208136;70300;3.8;1.3
44;2021-02-16;4452;7352;212588;77652;3.9;1.4
44;2021-02-17;4571;8125;217159;85777;3.9;1.6
44;2021-02-18;5826;9290;222985;95067;4.0;1.7
44;2021-02-19;5257;7092;228242;102159;4.1;1.9
44;2021-02-20;2324;2954;230566;105113;4.2;1.9
44;2021-02-21;533;1380;231099;106493;4.2;1.9
44;2021-02-22;4300;7130;235399;113623;4.3;2.1
44;2021-02-23;5699;6758;241098;120381;4.4;2.2
44;2021-02-24;6345;5897;247443;126278;4.5;2.3
44;2021-02-25;10133;6820;257576;133098;4.7;2.4
44;2021-02-26;12043;5705;269619;138803;4.9;2.5
44;2021-02-27;7774;2141;277393;140944;5.0;2.6
44;2021-02-28;2084;458;279477;141402;5.1;2.6
44;2021-03-01;5871;4410;285348;145812;5.2;2.6
44;2021-03-02;9108;5270;294456;151082;5.3;2.7
44;2021-03-03;10963;5332;305419;156414;5.5;2.8
44;2021-03-04;12768;5634;318187;162048;5.8;2.9
44;2021-03-05;17379;4883;335566;166931;6.1;3.0
44;2021-03-06;19766;1690;355332;168621;6.4;3.1
44;2021-03-07;10470;514;365802;169135;6.6;3.1
44;2021-03-08;8894;4119;374696;173254;6.8;3.1
44;2021-03-09;14696;4315;389392;177569;7.1;3.2
44;2021-03-10;16071;4477;405463;182046;7.4;3.3
44;2021-03-11;19633;5049;425096;187095;7.7;3.4
44;2021-03-12;25667;4752;450763;191847;8.2;3.5
44;2021-03-13;22598;1916;473361;193763;8.6;3.5
44;2021-03-14;6518;710;479879;194473;8.7;3.5
44;2021-03-15;12353;2933;492232;197406;8.9;3.6
52;2021-01-01;1;0;1;0;0.0;0.0
52;2021-01-02;1;0;2;0;0.0;0.0
52;2021-01-03;1;0;3;0;0.0;0.0
52;2021-01-04;34;0;37;0;0.0;0.0
52;2021-01-05;168;0;205;0;0.0;0.0
52;2021-01-06;378;0;583;0;0.0;0.0
52;2021-01-07;883;0;1466;0;0.0;0.0
52;2021-01-08;1656;0;3122;0;0.1;0.0
52;2021-01-09;1048;0;4170;0;0.1;0.0
52;2021-01-10;643;0;4813;0;0.1;0.0
52;2021-01-11;2193;0;7006;0;0.2;0.0
52;2021-01-12;3113;0;10119;0;0.3;0.0
52;2021-01-13;2915;0;13034;0;0.3;0.0
52;2021-01-14;3265;0;16299;0;0.4;0.0
52;2021-01-15;3003;0;19302;0;0.5;0.0
52;2021-01-16;892;22;20194;22;0.5;0.0
52;2021-01-17;498;0;20692;22;0.5;0.0
52;2021-01-18;3197;1;23889;23;0.6;0.0
52;2021-01-19;6511;1;30400;24;0.8;0.0
52;2021-01-20;8226;0;38626;24;1.0;0.0
52;2021-01-21;11991;0;50617;24;1.3;0.0
52;2021-01-22;7182;19;57799;43;1.5;0.0
52;2021-01-23;1676;2;59475;45;1.6;0.0
52;2021-01-24;174;0;59649;45;1.6;0.0
52;2021-01-25;2990;10;62639;55;1.6;0.0
52;2021-01-26;6697;187;69336;242;1.8;0.0
52;2021-01-27;7242;160;76578;402;2.0;0.0
52;2021-01-28;9650;539;86228;941;2.3;0.0
52;2021-01-29;5927;985;92155;1926;2.4;0.1
52;2021-01-30;1258;371;93413;2297;2.5;0.1
52;2021-01-31;79;313;93492;2610;2.5;0.1
52;2021-02-01;2505;1348;95997;3958;2.5;0.1
52;2021-02-02;2965;2263;98962;6221;2.6;0.2
52;2021-02-03;2683;2121;101645;8342;2.7;0.2
52;2021-02-04;2956;2242;104601;10584;2.8;0.3
52;2021-02-05;2958;2288;107559;12872;2.8;0.3
52;2021-02-06;1070;682;108629;13554;2.9;0.4
52;2021-02-07;150;290;108779;13844;2.9;0.4
52;2021-02-08;1919;2185;110698;16029;2.9;0.4
52;2021-02-09;3130;4109;113828;20138;3.0;0.5
52;2021-02-10;3301;5463;117129;25601;3.1;0.7
52;2021-02-11;5937;10505;123066;36106;3.2;0.9
52;2021-02-12;4664;4919;127730;41025;3.4;1.1
52;2021-02-13;1149;1127;128879;42152;3.4;1.1
52;2021-02-14;20;304;128899;42456;3.4;1.1
52;2021-02-15;1955;3159;130854;45615;3.4;1.2
52;2021-02-16;4061;6650;134915;52265;3.5;1.4
52;2021-02-17;3793;7138;138708;59403;3.6;1.6
52;2021-02-18;6091;9583;144799;68986;3.8;1.8
52;2021-02-19;5251;5739;150050;74725;3.9;2.0
52;2021-02-20;1020;1221;151070;75946;4.0;2.0
52;2021-02-21;6;68;151076;76014;4.0;2.0
52;2021-02-22;2567;2952;153643;78966;4.0;2.1
52;2021-02-23;3326;3343;156969;82309;4.1;2.2
52;2021-02-24;3200;2750;160169;85059;4.2;2.2
52;2021-02-25;6251;2973;166420;88032;4.4;2.3
52;2021-02-26;6125;2737;172545;90769;4.5;2.4
52;2021-02-27;2188;999;174733;91768;4.6;2.4
52;2021-02-28;76;42;174809;91810;4.6;2.4
52;2021-03-01;3042;2261;177851;94071;4.7;2.5
52;2021-03-02;4673;3290;182524;97361;4.8;2.6
52;2021-03-03;5211;3206;187735;100567;4.9;2.6
52;2021-03-04;7569;4973;195304;105540;5.1;2.8
52;2021-03-05;8849;3919;204153;109459;5.4;2.9
52;2021-03-06;5570;967;209723;110426;5.5;2.9
52;2021-03-07;2643;6;212366;110432;5.6;2.9
52;2021-03-08;5702;2100;218068;112532;5.7;3.0
52;2021-03-09;9243;3036;227311;115568;6.0;3.0
52;2021-03-10;9085;3052;236396;118620;6.2;3.1
52;2021-03-11;13186;4637;249582;123257;6.6;3.2
52;2021-03-12;14982;3264;264564;126521;7.0;3.3
52;2021-03-13;8061;683;272625;127204;7.2;3.3
52;2021-03-14;609;6;273234;127210;7.2;3.3
52;2021-03-15;8546;1621;281780;128831;7.4;3.4
53;2021-01-01;2;0;2;0;0.0;0.0
53;2021-01-02;3;0;5;0;0.0;0.0
53;2021-01-04;43;0;48;0;0.0;0.0
53;2021-01-05;200;0;248;0;0.0;0.0
53;2021-01-06;327;0;575;0;0.0;0.0
53;2021-01-07;834;0;1409;0;0.0;0.0
53;2021-01-08;1208;0;2617;0;0.1;0.0
53;2021-01-09;33;0;2650;0;0.1;0.0
53;2021-01-10;4;0;2654;0;0.1;0.0
53;2021-01-11;1659;0;4313;0;0.1;0.0
53;2021-01-12;3332;0;7645;0;0.2;0.0
53;2021-01-13;3251;0;10896;0;0.3;0.0
53;2021-01-14;3722;0;14618;0;0.4;0.0
53;2021-01-15;3253;0;17871;0;0.5;0.0
53;2021-01-16;682;28;18553;28;0.6;0.0
53;2021-01-17;180;1;18733;29;0.6;0.0
53;2021-01-18;3310;0;22043;29;0.7;0.0
53;2021-01-19;8091;0;30134;29;0.9;0.0
53;2021-01-20;6930;0;37064;29;1.1;0.0
53;2021-01-21;11228;1;48292;30;1.4;0.0
53;2021-01-22;7632;0;55924;30;1.7;0.0
53;2021-01-23;1490;0;57414;30;1.7;0.0
53;2021-01-24;253;0;57667;30;1.7;0.0
53;2021-01-25;3051;56;60718;86;1.8;0.0
53;2021-01-26;4083;265;64801;351;1.9;0.0
53;2021-01-27;7191;317;71992;668;2.2;0.0
53;2021-01-28;6970;632;78962;1300;2.4;0.0
53;2021-01-29;4196;722;83158;2022;2.5;0.1
53;2021-01-30;844;36;84002;2058;2.5;0.1
53;2021-01-31;78;3;84080;2061;2.5;0.1
53;2021-02-01;2205;1141;86285;3202;2.6;0.1
53;2021-02-02;3428;2385;89713;5587;2.7;0.2
53;2021-02-03;3163;2261;92876;7848;2.8;0.2
53;2021-02-04;6933;2353;99809;10201;3.0;0.3
53;2021-02-05;5402;2098;105211;12299;3.1;0.4
53;2021-02-06;1193;275;106404;12574;3.2;0.4
53;2021-02-07;213;120;106617;12694;3.2;0.4
53;2021-02-08;1638;1556;108255;14250;3.2;0.4
53;2021-02-09;3898;6051;112153;20301;3.4;0.6
53;2021-02-10;3771;5426;115924;25727;3.5;0.8
53;2021-02-11;5616;9536;121540;35263;3.6;1.1
53;2021-02-12;5578;5204;127118;40467;3.8;1.2
53;2021-02-13;1226;548;128344;41015;3.8;1.2
53;2021-02-14;25;120;128369;41135;3.8;1.2
53;2021-02-15;2286;2993;130655;44128;3.9;1.3
53;2021-02-16;3944;3049;134599;47177;4.0;1.4
53;2021-02-17;3982;5621;138581;52798;4.1;1.6
53;2021-02-18;5798;6091;144379;58889;4.3;1.8
53;2021-02-19;5124;4424;149503;63313;4.5;1.9
53;2021-02-20;1176;813;150679;64126;4.5;1.9
53;2021-02-21;162;100;150841;64226;4.5;1.9
53;2021-02-22;2308;2610;153149;66836;4.6;2.0
53;2021-02-23;3876;3446;157025;70282;4.7;2.1
53;2021-02-24;4338;3652;161363;73934;4.8;2.2
53;2021-02-25;7750;7302;169113;81236;5.1;2.4
53;2021-02-26;8570;4247;177683;85483;5.3;2.6
53;2021-02-27;3401;1096;181084;86579;5.4;2.6
53;2021-02-28;227;175;181311;86754;5.4;2.6
53;2021-03-01;3404;2092;184715;88846;5.5;2.7
53;2021-03-02;5556;4623;190271;93469;5.7;2.8
53;2021-03-03;6340;3506;196611;96975;5.9;2.9
53;2021-03-04;9023;5166;205634;102141;6.2;3.1
53;2021-03-05;11698;5161;217332;107302;6.5;3.2
53;2021-03-06;5528;815;222860;108117;6.7;3.2
53;2021-03-07;906;79;223766;108196;6.7;3.2
53;2021-03-08;5084;1748;228850;109944;6.9;3.3
53;2021-03-09;9408;2537;238258;112481;7.1;3.4
53;2021-03-10;9107;3191;247365;115672;7.4;3.5
53;2021-03-11;13945;3813;261310;119485;7.8;3.6
53;2021-03-12;18110;2908;279420;122393;8.4;3.7
53;2021-03-13;8508;784;287928;123177;8.6;3.7
53;2021-03-14;742;3;288670;123180;8.6;3.7
53;2021-03-15;6667;1767;295337;124947;8.8;3.7
75;2020-12-28;1;0;1;0;0.0;0.0
75;2020-12-29;2;0;3;0;0.0;0.0
75;2020-12-30;1;0;4;0;0.0;0.0
75;2021-01-02;1;0;5;0;0.0;0.0
75;2021-01-04;89;0;94;0;0.0;0.0
75;2021-01-05;124;0;218;0;0.0;0.0
75;2021-01-06;735;0;953;0;0.0;0.0
75;2021-01-07;4900;0;5853;0;0.1;0.0
75;2021-01-08;5294;0;11147;0;0.2;0.0
75;2021-01-09;836;0;11983;0;0.2;0.0
75;2021-01-10;478;0;12461;0;0.2;0.0
75;2021-01-11;3552;0;16013;0;0.3;0.0
75;2021-01-12;5925;0;21938;0;0.4;0.0
75;2021-01-13;6518;0;28456;0;0.5;0.0
75;2021-01-14;8013;0;36469;0;0.6;0.0
75;2021-01-15;7513;0;43982;0;0.7;0.0
75;2021-01-16;1514;59;45496;59;0.8;0.0
75;2021-01-17;420;1;45916;60;0.8;0.0
75;2021-01-18;6861;1;52777;61;0.9;0.0
75;2021-01-19;14000;0;66777;61;1.1;0.0
75;2021-01-20;15386;0;82163;61;1.4;0.0
75;2021-01-21;16807;2;98970;63;1.6;0.0
75;2021-01-22;12878;4;111848;67;1.9;0.0
75;2021-01-23;4417;1;116265;68;1.9;0.0
75;2021-01-24;697;1;116962;69;1.9;0.0
75;2021-01-25;8851;224;125813;293;2.1;0.0
75;2021-01-26;11546;588;137359;881;2.3;0.0
75;2021-01-27;12185;854;149544;1735;2.5;0.0
75;2021-01-28;12872;3075;162416;4810;2.7;0.1
75;2021-01-29;9966;2966;172382;7776;2.9;0.1
75;2021-01-30;3375;479;175757;8255;2.9;0.1
75;2021-01-31;644;396;176401;8651;2.9;0.1
75;2021-02-01;5749;2814;182150;11465;3.0;0.2
75;2021-02-02;9513;4855;191663;16320;3.2;0.3
75;2021-02-03;9567;4400;201230;20720;3.4;0.3
75;2021-02-04;10694;6126;211924;26846;3.5;0.4
75;2021-02-05;7456;5463;219380;32309;3.7;0.5
75;2021-02-06;2365;880;221745;33189;3.7;0.6
75;2021-02-07;670;222;222415;33411;3.7;0.6
75;2021-02-08;5120;3872;227535;37283;3.8;0.6
75;2021-02-09;7274;9348;234809;46631;3.9;0.8
75;2021-02-10;7548;9359;242357;55990;4.0;0.9
75;2021-02-11;8727;11699;251084;67689;4.2;1.1
75;2021-02-12;7370;8154;258454;75843;4.3;1.3
75;2021-02-13;1927;1665;260381;77508;4.3;1.3
75;2021-02-14;272;308;260653;77816;4.3;1.3
75;2021-02-15;3205;7183;263858;84999;4.4;1.4
75;2021-02-16;4577;10266;268435;95265;4.5;1.6
75;2021-02-17;4584;11347;273019;106612;4.6;1.8
75;2021-02-18;5236;13008;278255;119620;4.6;2.0
75;2021-02-19;5307;9183;283562;128803;4.7;2.1
75;2021-02-20;977;2604;284539;131407;4.7;2.2
75;2021-02-21;180;558;284719;131965;4.7;2.2
75;2021-02-22;3563;7689;288282;139654;4.8;2.3
75;2021-02-23;5141;10654;293423;150308;4.9;2.5
75;2021-02-24;5890;10217;299313;160525;5.0;2.7
75;2021-02-25;9643;11525;308956;172050;5.1;2.9
75;2021-02-26;11812;8070;320768;180120;5.3;3.0
75;2021-02-27;5715;2395;326483;182515;5.4;3.0
75;2021-02-28;306;567;326789;183082;5.4;3.1
75;2021-03-01;4859;6508;331648;189590;5.5;3.2
75;2021-03-02;9065;7845;340713;197435;5.7;3.3
75;2021-03-03;10551;7605;351264;205040;5.9;3.4
75;2021-03-04;16097;8141;367361;213181;6.1;3.6
75;2021-03-05;20327;6753;387688;219934;6.5;3.7
75;2021-03-06;13191;1936;400879;221870;6.7;3.7
75;2021-03-07;3620;258;404499;222128;6.7;3.7
75;2021-03-08;9844;5120;414343;227248;6.9;3.8
75;2021-03-09;16539;6303;430882;233551;7.2;3.9
75;2021-03-10;17622;5987;448504;239538;7.5;4.0
75;2021-03-11;25662;6151;474166;245689;7.9;4.1
75;2021-03-12;30421;4864;504587;250553;8.4;4.2
75;2021-03-13;17044;1064;521631;251617;8.7;4.2
75;2021-03-14;1663;174;523294;251791;8.7;4.2
75;2021-03-15;13516;3087;536810;254878;8.9;4.2
76;2020-12-31;1;0;1;0;0.0;0.0
76;2021-01-01;3;0;4;0;0.0;0.0
76;2021-01-02;2;0;6;0;0.0;0.0
76;2021-01-03;1;0;7;0;0.0;0.0
76;2021-01-04;58;0;65;0;0.0;0.0
76;2021-01-05;471;0;536;0;0.0;0.0
76;2021-01-06;777;0;1313;0;0.0;0.0
76;2021-01-07;2523;0;3836;0;0.1;0.0
76;2021-01-08;3164;0;7000;0;0.1;0.0
76;2021-01-09;1524;0;8524;0;0.1;0.0
76;2021-01-10;515;0;9039;0;0.2;0.0
76;2021-01-11;3467;0;12506;0;0.2;0.0
76;2021-01-12;5554;0;18060;0;0.3;0.0
76;2021-01-13;6309;0;24369;0;0.4;0.0
76;2021-01-14;8864;0;33233;0;0.6;0.0
76;2021-01-15;7115;0;40348;0;0.7;0.0
76;2021-01-16;1944;77;42292;77;0.7;0.0
76;2021-01-17;704;0;42996;77;0.7;0.0
76;2021-01-18;7574;2;50570;79;0.9;0.0
76;2021-01-19;11077;1;61647;80;1.0;0.0
76;2021-01-20;13480;1;75127;81;1.3;0.0
76;2021-01-21;16432;0;91559;81;1.5;0.0
76;2021-01-22;11641;4;103200;85;1.7;0.0
76;2021-01-23;3869;4;107069;89;1.8;0.0
76;2021-01-24;761;9;107830;98;1.8;0.0
76;2021-01-25;7759;76;115589;174;2.0;0.0
76;2021-01-26;10230;279;125819;453;2.1;0.0
76;2021-01-27;10680;548;136499;1001;2.3;0.0
76;2021-01-28;10025;1975;146524;2976;2.5;0.1
76;2021-01-29;7920;2237;154444;5213;2.6;0.1
76;2021-01-30;3177;705;157621;5918;2.7;0.1
76;2021-01-31;515;251;158136;6169;2.7;0.1
76;2021-02-01;5778;2638;163914;8807;2.8;0.1
76;2021-02-02;9943;4264;173857;13071;2.9;0.2
76;2021-02-03;9422;4414;183279;17485;3.1;0.3
76;2021-02-04;9962;6443;193241;23928;3.3;0.4
76;2021-02-05;7669;5053;200910;28981;3.4;0.5
76;2021-02-06;2674;948;203584;29929;3.4;0.5
76;2021-02-07;541;364;204125;30293;3.4;0.5
76;2021-02-08;4794;4288;208919;34581;3.5;0.6
76;2021-02-09;6184;7215;215103;41796;3.6;0.7
76;2021-02-10;7013;9732;222116;51528;3.7;0.9
76;2021-02-11;8917;11825;231033;63353;3.9;1.1
76;2021-02-12;7863;7554;238896;70907;4.0;1.2
76;2021-02-13;2633;2167;241529;73074;4.1;1.2
76;2021-02-14;347;771;241876;73845;4.1;1.2
76;2021-02-15;3334;5970;245210;79815;4.1;1.3
76;2021-02-16;4113;8535;249323;88350;4.2;1.5
76;2021-02-17;4257;9714;253580;98064;4.3;1.7
76;2021-02-18;5743;9637;259323;107701;4.4;1.8
76;2021-02-19;4741;7871;264064;115572;4.5;2.0
76;2021-02-20;1521;2869;265585;118441;4.5;2.0
76;2021-02-21;256;528;265841;118969;4.5;2.0
76;2021-02-22;3215;7263;269056;126232;4.5;2.1
76;2021-02-23;4771;10546;273827;136778;4.6;2.3
76;2021-02-24;4490;10446;278317;147224;4.7;2.5
76;2021-02-25;8017;9792;286334;157016;4.8;2.7
76;2021-02-26;9331;7974;295665;164990;5.0;2.8
76;2021-02-27;3586;2933;299251;167923;5.1;2.8
76;2021-02-28;421;333;299672;168256;5.1;2.8
76;2021-03-01;5128;5980;304800;174236;5.1;2.9
76;2021-03-02;8011;7197;312811;181433;5.3;3.1
76;2021-03-03;8950;7109;321761;188542;5.4;3.2
76;2021-03-04;13677;8002;335438;196544;5.7;3.3
76;2021-03-05;16448;6659;351886;203203;5.9;3.4
76;2021-03-06;15528;1922;367414;205125;6.2;3.5
76;2021-03-07;11113;219;378527;205344;6.4;3.5
76;2021-03-08;9709;5160;388236;210504;6.6;3.6
76;2021-03-09;15785;5944;404021;216448;6.8;3.7
76;2021-03-10;16043;5963;420064;222411;7.1;3.8
76;2021-03-11;21980;5947;442044;228358;7.5;3.9
76;2021-03-12;25600;4705;467644;233063;7.9;3.9
76;2021-03-13;14079;1940;481723;235003;8.1;4.0
76;2021-03-14;2230;210;483953;235213;8.2;4.0
76;2021-03-15;13002;2947;496955;238160;8.4;4.0
84;2020-12-28;6;0;6;0;0.0;0.0
84;2020-12-29;5;0;11;0;0.0;0.0
84;2020-12-30;5;0;16;0;0.0;0.0
84;2020-12-31;12;0;28;0;0.0;0.0
84;2021-01-01;7;0;35;0;0.0;0.0
84;2021-01-02;1;0;36;0;0.0;0.0
84;2021-01-04;173;0;209;0;0.0;0.0
84;2021-01-05;451;0;660;0;0.0;0.0
84;2021-01-06;1127;0;1787;0;0.0;0.0
84;2021-01-07;2776;0;4563;0;0.1;0.0
84;2021-01-08;3027;0;7590;0;0.1;0.0
84;2021-01-09;507;0;8097;0;0.1;0.0
84;2021-01-10;159;0;8256;0;0.1;0.0
84;2021-01-11;4143;0;12399;0;0.2;0.0
84;2021-01-12;6206;0;18605;0;0.2;0.0
84;2021-01-13;6728;0;25333;0;0.3;0.0
84;2021-01-14;8862;0;34195;0;0.4;0.0
84;2021-01-15;7607;0;41802;0;0.5;0.0
84;2021-01-16;2934;39;44736;39;0.6;0.0
84;2021-01-17;917;0;45653;39;0.6;0.0
84;2021-01-18;8799;7;54452;46;0.7;0.0
84;2021-01-19;14808;7;69260;53;0.9;0.0
84;2021-01-20;15260;6;84520;59;1.1;0.0
84;2021-01-21;14334;7;98854;66;1.2;0.0
84;2021-01-22;12283;5;111137;71;1.4;0.0
84;2021-01-23;4735;0;115872;71;1.4;0.0
84;2021-01-24;808;0;116680;71;1.5;0.0
84;2021-01-25;8713;152;125393;223;1.6;0.0
84;2021-01-26;11776;357;137169;580;1.7;0.0
84;2021-01-27;11953;684;149122;1264;1.9;0.0
84;2021-01-28;13494;1822;162616;3086;2.0;0.0
84;2021-01-29;10688;1463;173304;4549;2.2;0.1
84;2021-01-30;4125;300;177429;4849;2.2;0.1
84;2021-01-31;498;1;177927;4850;2.2;0.1
84;2021-02-01;6496;2046;184423;6896;2.3;0.1
84;2021-02-02;10453;3783;194876;10679;2.4;0.1
84;2021-02-03;11283;4270;206159;14949;2.6;0.2
84;2021-02-04;12215;6110;218374;21059;2.7;0.3
84;2021-02-05;8485;4885;226859;25944;2.8;0.3
84;2021-02-06;2625;1042;229484;26986;2.9;0.3
84;2021-02-07;451;429;229935;27415;2.9;0.3
84;2021-02-08;6164;4822;236099;32237;2.9;0.4
84;2021-02-09;9257;9164;245356;41401;3.1;0.5
84;2021-02-10;9437;9454;254793;50855;3.2;0.6
84;2021-02-11;10473;10431;265266;61286;3.3;0.8
84;2021-02-12;9440;8136;274706;69422;3.4;0.9
84;2021-02-13;3458;2227;278164;71649;3.5;0.9
84;2021-02-14;612;363;278776;72012;3.5;0.9
84;2021-02-15;4721;8565;283497;80577;3.5;1.0
84;2021-02-16;5905;10761;289402;91338;3.6;1.1
84;2021-02-17;5811;11663;295213;103001;3.7;1.3
84;2021-02-18;6714;12108;301927;115109;3.8;1.4
84;2021-02-19;6443;8973;308370;124082;3.8;1.5
84;2021-02-20;1697;3288;310067;127370;3.9;1.6
84;2021-02-21;175;457;310242;127827;3.9;1.6
84;2021-02-22;4160;8732;314402;136559;3.9;1.7
84;2021-02-23;6887;11788;321289;148347;4.0;1.8
84;2021-02-24;7188;12244;328477;160591;4.1;2.0
84;2021-02-25;11962;13605;340439;174196;4.2;2.2
84;2021-02-26;14227;8961;354666;183157;4.4;2.3
84;2021-02-27;5397;2870;360063;186027;4.5;2.3
84;2021-02-28;447;255;360510;186282;4.5;2.3
84;2021-03-01;8732;6204;369242;192486;4.6;2.4
84;2021-03-02;14355;8074;383597;200560;4.8;2.5
84;2021-03-03;14430;7748;398027;208308;5.0;2.6
84;2021-03-04;20115;7659;418142;215967;5.2;2.7
84;2021-03-05;25121;6407;443263;222374;5.5;2.8
84;2021-03-06;18856;2055;462119;224429;5.8;2.8
84;2021-03-07;8176;119;470295;224548;5.9;2.8
84;2021-03-08;11858;6070;482153;230618;6.0;2.9
84;2021-03-09;19989;6478;502142;237096;6.3;3.0
84;2021-03-10;19511;6187;521653;243283;6.5;3.0
84;2021-03-11;28074;6493;549727;249776;6.8;3.1
84;2021-03-12;34793;5841;584520;255617;7.3;3.2
84;2021-03-13;20702;1375;605222;256992;7.5;3.2
84;2021-03-14;4492;248;609714;257240;7.6;3.2
84;2021-03-15;17131;3385;626845;260625;7.8;3.2
93;2020-12-30;3;0;3;0;0.0;0.0
93;2020-12-31;19;0;22;0;0.0;0.0
93;2021-01-01;9;0;31;0;0.0;0.0
93;2021-01-02;2;0;33;0;0.0;0.0
93;2021-01-03;1;0;34;0;0.0;0.0
93;2021-01-04;132;0;166;0;0.0;0.0
93;2021-01-05;239;0;405;0;0.0;0.0
93;2021-01-06;403;0;808;0;0.0;0.0
93;2021-01-07;1234;0;2042;0;0.0;0.0
93;2021-01-08;1558;0;3600;0;0.1;0.0
93;2021-01-09;536;0;4136;0;0.1;0.0
93;2021-01-10;72;0;4208;0;0.1;0.0
93;2021-01-11;2329;0;6537;0;0.1;0.0
93;2021-01-12;4961;0;11498;0;0.2;0.0
93;2021-01-13;4314;0;15812;0;0.3;0.0
93;2021-01-14;5388;0;21200;0;0.4;0.0
93;2021-01-15;4850;0;26050;0;0.5;0.0
93;2021-01-16;1659;34;27709;34;0.5;0.0
93;2021-01-17;297;1;28006;35;0.6;0.0
93;2021-01-18;6863;3;34869;38;0.7;0.0
93;2021-01-19;13172;1;48041;39;1.0;0.0
93;2021-01-20;11917;3;59958;42;1.2;0.0
93;2021-01-21;12056;11;72014;53;1.4;0.0
93;2021-01-22;9815;1;81829;54;1.6;0.0
93;2021-01-23;3257;0;85086;54;1.7;0.0
93;2021-01-24;513;0;85599;54;1.7;0.0
93;2021-01-25;7111;64;92710;118;1.8;0.0
93;2021-01-26;9568;143;102278;261;2.0;0.0
93;2021-01-27;9277;343;111555;604;2.2;0.0
93;2021-01-28;13339;942;124894;1546;2.5;0.0
93;2021-01-29;9549;1076;134443;2622;2.7;0.1
93;2021-01-30;2205;116;136648;2738;2.7;0.1
93;2021-01-31;297;0;136945;2738;2.7;0.1
93;2021-02-01;5029;1641;141974;4379;2.8;0.1
93;2021-02-02;6131;2364;148105;6743;2.9;0.1
93;2021-02-03;4972;2040;153077;8783;3.0;0.2
93;2021-02-04;5427;3928;158504;12711;3.1;0.3
93;2021-02-05;5939;4940;164443;17651;3.3;0.3
93;2021-02-06;1225;1110;165668;18761;3.3;0.4
93;2021-02-07;276;18;165944;18779;3.3;0.4
93;2021-02-08;4267;4005;170211;22784;3.4;0.5
93;2021-02-09;5789;8129;176000;30913;3.5;0.6
93;2021-02-10;5732;6713;181732;37626;3.6;0.7
93;2021-02-11;6475;7145;188207;44771;3.7;0.9
93;2021-02-12;5555;6565;193762;51336;3.8;1.0
93;2021-02-13;1083;1639;194845;52975;3.9;1.0
93;2021-02-14;68;241;194913;53216;3.9;1.1
93;2021-02-15;2316;5756;197229;58972;3.9;1.2
93;2021-02-16;3033;7891;200262;66863;4.0;1.3
93;2021-02-17;3509;9198;203771;76061;4.0;1.5
93;2021-02-18;5480;12736;209251;88797;4.1;1.8
93;2021-02-19;5325;8587;214576;97384;4.2;1.9
93;2021-02-20;785;1976;215361;99360;4.3;2.0
93;2021-02-21;69;321;215430;99681;4.3;2.0
93;2021-02-22;2714;6100;218144;105781;4.3;2.1
93;2021-02-23;3337;6265;221481;112046;4.4;2.2
93;2021-02-24;4289;6251;225770;118297;4.5;2.3
93;2021-02-25;7594;6188;233364;124485;4.6;2.5
93;2021-02-26;7767;5520;241131;130005;4.8;2.6
93;2021-02-27;2817;1246;243948;131251;4.8;2.6
93;2021-02-28;299;207;244247;131458;4.8;2.6
93;2021-03-01;4937;4280;249184;135738;4.9;2.7
93;2021-03-02;6631;5651;255815;141389;5.1;2.8
93;2021-03-03;8081;6080;263896;147469;5.2;2.9
93;2021-03-04;10451;6725;274347;154194;5.4;3.0
93;2021-03-05;11250;5408;285597;159602;5.6;3.2
93;2021-03-06;19361;1001;304958;160603;6.0;3.2
93;2021-03-07;14040;121;318998;160724;6.3;3.2
93;2021-03-08;8523;3994;327521;164718;6.5;3.3
93;2021-03-09;12391;4608;339912;169326;6.7;3.3
93;2021-03-10;12857;4575;352769;173901;7.0;3.4
93;2021-03-11;17972;5438;370741;179339;7.3;3.5
93;2021-03-12;19934;4272;390675;183611;7.7;3.6
93;2021-03-13;19697;867;410372;184478;8.1;3.6
93;2021-03-14;6074;34;416446;184512;8.2;3.6
93;2021-03-15;13466;2177;429912;186689;8.5;3.7
94;2021-01-04;2;0;2;0;0.0;0.0
94;2021-01-06;53;0;55;0;0.0;0.0
94;2021-01-07;330;0;385;0;0.1;0.0
94;2021-01-08;309;0;694;0;0.2;0.0
94;2021-01-09;76;0;770;0;0.2;0.0
94;2021-01-10;34;0;804;0;0.2;0.0
94;2021-01-11;151;0;955;0;0.3;0.0
94;2021-01-12;206;0;1161;0;0.3;0.0
94;2021-01-13;203;0;1364;0;0.4;0.0
94;2021-01-14;263;0;1627;0;0.5;0.0
94;2021-01-15;380;0;2007;0;0.6;0.0
94;2021-01-16;197;2;2204;2;0.6;0.0
94;2021-01-17;89;0;2293;2;0.7;0.0
94;2021-01-18;470;0;2763;2;0.8;0.0
94;2021-01-19;980;0;3743;2;1.1;0.0
94;2021-01-20;808;0;4551;2;1.3;0.0
94;2021-01-21;806;0;5357;2;1.6;0.0
94;2021-01-22;704;0;6061;2;1.8;0.0
94;2021-01-23;243;1;6304;3;1.8;0.0
94;2021-01-24;146;0;6450;3;1.9;0.0
94;2021-01-25;422;1;6872;4;2.0;0.0
94;2021-01-26;788;5;7660;9;2.2;0.0
94;2021-01-27;663;56;8323;65;2.4;0.0
94;2021-01-28;702;241;9025;306;2.6;0.1
94;2021-01-29;608;248;9633;554;2.8;0.2
94;2021-01-30;204;75;9837;629;2.9;0.2
94;2021-01-31;149;7;9986;636;2.9;0.2
94;2021-02-01;454;170;10440;806;3.0;0.2
94;2021-02-02;642;167;11082;973;3.2;0.3
94;2021-02-03;780;166;11862;1139;3.4;0.3
94;2021-02-04;713;304;12575;1443;3.6;0.4
94;2021-02-05;656;238;13231;1681;3.8;0.5
94;2021-02-06;206;81;13437;1762;3.9;0.5
94;2021-02-07;126;50;13563;1812;3.9;0.5
94;2021-02-08;321;369;13884;2181;4.0;0.6
94;2021-02-09;712;621;14596;2802;4.2;0.8
94;2021-02-10;643;402;15239;3204;4.4;0.9
94;2021-02-11;679;447;15918;3651;4.6;1.1
94;2021-02-12;641;400;16559;4051;4.8;1.2
94;2021-02-13;293;74;16852;4125;4.9;1.2
94;2021-02-14;193;74;17045;4199;4.9;1.2
94;2021-02-15;376;280;17421;4479;5.1;1.3
94;2021-02-16;634;601;18055;5080;5.2;1.5
94;2021-02-17;585;451;18640;5531;5.4;1.6
94;2021-02-18;544;542;19184;6073;5.6;1.8
94;2021-02-19;302;592;19486;6665;5.7;1.9
94;2021-02-20;275;192;19761;6857;5.7;2.0
94;2021-02-21;57;84;19818;6941;5.7;2.0
94;2021-02-22;211;396;20029;7337;5.8;2.1
94;2021-02-23;350;642;20379;7979;5.9;2.3
94;2021-02-24;294;595;20673;8574;6.0;2.5
94;2021-02-25;347;606;21020;9180;6.1;2.7
94;2021-02-26;413;550;21433;9730;6.2;2.8
94;2021-02-27;367;151;21800;9881;6.3;2.9
94;2021-02-28;68;123;21868;10004;6.3;2.9
94;2021-03-01;346;423;22214;10427;6.4;3.0
94;2021-03-02;543;648;22757;11075;6.6;3.2
94;2021-03-03;518;683;23275;11758;6.8;3.4
94;2021-03-04;938;641;24213;12399;7.0;3.6
94;2021-03-05;1549;608;25762;13007;7.5;3.8
94;2021-03-06;1793;150;27555;13157;8.0;3.8
94;2021-03-07;1349;96;28904;13253;8.4;3.8
94;2021-03-08;1216;316;30120;13569;8.7;3.9
94;2021-03-09;1254;644;31374;14213;9.1;4.1
94;2021-03-10;1215;567;32589;14780;9.5;4.3
94;2021-03-11;1288;614;33877;15394;9.8;4.5
94;2021-03-12;1445;511;35322;15905;10.2;4.6
94;2021-03-13;910;297;36232;16202;10.5;4.7
94;2021-03-14;505;182;36737;16384;10.7;4.8
94;2021-03-15;809;383;37546;16767;10.9;4.9
