fra;vaccin;jour;n_dose1;n_dose2;n_cum_dose1;n_cum_dose2
FR;1;2020-12-27;14;0;14;0
FR;1;2020-12-28;42;0;56;0
FR;1;2020-12-29;104;0;160;0
FR;1;2020-12-30;107;0;267;0
FR;1;2020-12-31;80;0;347;0
FR;1;2021-01-01;44;0;391;0
FR;1;2021-01-02;69;0;460;0
FR;1;2021-01-03;84;0;544;0
FR;1;2021-01-04;1434;0;1978;0
FR;1;2021-01-05;5294;0;7272;0
FR;1;2021-01-06;11051;0;18323;0
FR;1;2021-01-07;27976;0;46299;0
FR;1;2021-01-08;35347;0;81646;0
FR;1;2021-01-09;10820;0;92466;0
FR;1;2021-01-10;5578;0;98044;0
FR;1;2021-01-11;38035;0;136079;0
FR;1;2021-01-12;59084;0;195163;0
FR;1;2021-01-13;62201;0;257364;0
FR;1;2021-01-14;77469;0;334833;0
FR;1;2021-01-15;65448;50;400281;50
FR;1;2021-01-16;19306;620;419587;670
FR;1;2021-01-17;10412;8;429999;678
FR;1;2021-01-18;80269;35;510268;713
FR;1;2021-01-19;122221;107;632489;820
FR;1;2021-01-20;128202;62;760691;882
FR;1;2021-01-21;147425;71;908116;953
FR;1;2021-01-22;111798;123;1019914;1076
FR;1;2021-01-23;35827;56;1055741;1132
FR;1;2021-01-24;9154;91;1064895;1223
FR;1;2021-01-25;72470;1378;1137365;2601
FR;1;2021-01-26;93387;3756;1230752;6357
FR;1;2021-01-27;100436;6596;1331188;12953
FR;1;2021-01-28;116659;16918;1447847;29871
FR;1;2021-01-29;86473;18939;1534320;48810
FR;1;2021-01-30;27390;4580;1561710;53390
FR;1;2021-01-31;4839;1876;1566549;55266
FR;1;2021-02-01;47693;23393;1614242;78659
FR;1;2021-02-02;64567;39406;1678809;118065
FR;1;2021-02-03;65090;40526;1743899;158591
FR;1;2021-02-04;74288;56256;1818187;214847
FR;1;2021-02-05;61367;47626;1879554;262473
FR;1;2021-02-06;18696;11134;1898250;273607
FR;1;2021-02-07;3384;6359;1901634;279966
FR;1;2021-02-08;35183;48369;1936817;328335
FR;1;2021-02-09;48659;79311;1985476;407646
FR;1;2021-02-10;49409;84167;2034885;491813
FR;1;2021-02-11;59858;105095;2094743;596908
FR;1;2021-02-12;53145;72643;2147888;669551
FR;1;2021-02-13;14750;18006;2162638;687557
FR;1;2021-02-14;3369;6575;2166007;694132
FR;1;2021-02-15;22823;69804;2188830;763936
FR;1;2021-02-16;31050;89398;2219880;853334
FR;1;2021-02-17;33256;99108;2253136;952442
FR;1;2021-02-18;45553;115390;2298689;1067832
FR;1;2021-02-19;42469;82540;2341158;1150372
FR;1;2021-02-20;12581;24840;2353739;1175212
FR;1;2021-02-21;2009;5090;2355748;1180302
FR;1;2021-02-22;23125;64683;2378873;1244985
FR;1;2021-02-23;34541;76818;2413414;1321803
FR;1;2021-02-24;37023;75640;2450437;1397443
FR;1;2021-02-25;45623;81292;2496060;1478735
FR;1;2021-02-26;42967;62685;2539027;1541420
FR;1;2021-02-27;14483;20253;2553510;1561673
FR;1;2021-02-28;3098;3374;2556608;1565047
FR;1;2021-03-01;36134;46416;2592742;1611463
FR;1;2021-03-02;51455;57996;2644197;1669459
FR;1;2021-03-03;56039;56081;2700236;1725540
FR;1;2021-03-04;62942;62041;2763178;1787581
FR;1;2021-03-05;67396;52686;2830574;1840267
FR;0;2020-12-27;15;0;15;0
FR;0;2020-12-28;42;0;57;0
FR;0;2020-12-29;104;0;161;0
FR;0;2020-12-30;107;0;268;0
FR;0;2020-12-31;80;0;348;0
FR;0;2021-01-01;44;0;392;0
FR;0;2021-01-02;69;0;461;0
FR;0;2021-01-03;84;0;545;0
FR;0;2021-01-04;1434;0;1979;0
FR;0;2021-01-05;5294;0;7273;0
FR;0;2021-01-06;11051;0;18324;0
FR;0;2021-01-07;27976;0;46300;0
FR;0;2021-01-08;35347;0;81647;0
FR;0;2021-01-09;10820;0;92467;0
FR;0;2021-01-10;5578;0;98045;0
FR;0;2021-01-11;38035;0;136080;0
FR;0;2021-01-12;59084;0;195164;0
FR;0;2021-01-13;62207;0;257371;0
FR;0;2021-01-14;77593;0;334964;0
FR;0;2021-01-15;65667;50;400631;50
FR;0;2021-01-16;19491;620;420122;670
FR;0;2021-01-17;10415;8;430537;678
FR;0;2021-01-18;83116;35;513653;713
FR;0;2021-01-19;126598;107;640251;820
FR;0;2021-01-20;132983;62;773234;882
FR;0;2021-01-21;152427;71;925661;953
FR;0;2021-01-22;116552;123;1042213;1076
FR;0;2021-01-23;37552;56;1079765;1132
FR;0;2021-01-24;9235;91;1089000;1223
FR;0;2021-01-25;76049;1378;1165049;2601
FR;0;2021-01-26;96975;3756;1262024;6357
FR;0;2021-01-27;103834;6596;1365858;12953
FR;0;2021-01-28;120137;16919;1485995;29872
FR;0;2021-01-29;89545;18939;1575540;48811
FR;0;2021-01-30;28443;4580;1603983;53391
FR;0;2021-01-31;4839;1876;1608822;55267
FR;0;2021-02-01;50937;23393;1659759;78660
FR;0;2021-02-02;68863;39406;1728622;118066
FR;0;2021-02-03;70106;40527;1798728;158593
FR;0;2021-02-04;78941;56258;1877669;214851
FR;0;2021-02-05;65916;47628;1943585;262479
FR;0;2021-02-06;20750;11134;1964335;273613
FR;0;2021-02-07;4762;6359;1969097;279972
FR;0;2021-02-08;45049;48375;2014146;328347
FR;0;2021-02-09;63250;79321;2077396;407668
FR;0;2021-02-10;67364;84210;2144760;491878
FR;0;2021-02-11;82278;105209;2227038;597087
FR;0;2021-02-12;75241;72888;2302279;669975
FR;0;2021-02-13;21146;18208;2323425;688183
FR;0;2021-02-14;4511;6575;2327936;694758
FR;0;2021-02-15;35702;72811;2363638;767569
FR;0;2021-02-16;47504;93437;2411142;861006
FR;0;2021-02-17;47583;103554;2458725;964560
FR;0;2021-02-18;64286;120476;2523011;1085036
FR;0;2021-02-19;60619;86943;2583630;1171979
FR;0;2021-02-20;17344;26331;2600974;1198310
FR;0;2021-02-21;2730;5176;2603704;1203486
FR;0;2021-02-22;34598;68374;2638302;1271860
FR;0;2021-02-23;49382;80412;2687684;1352272
FR;0;2021-02-24;54103;79106;2741787;1431378
FR;0;2021-02-25;93224;84681;2835011;1516059
FR;0;2021-02-26;106070;65767;2941081;1581826
FR;0;2021-02-27;49113;21305;2990194;1603131
FR;0;2021-02-28;5310;3377;2995504;1606508
FR;0;2021-03-01;59082;50085;3054586;1656593
FR;0;2021-03-02;93889;62634;3148475;1719227
FR;0;2021-03-03;107320;60969;3255795;1780196
FR;0;2021-03-04;144768;66055;3400563;1846251
FR;0;2021-03-05;181249;56561;3581812;1902812
FR;2;2021-01-13;6;0;6;0
FR;2;2021-01-14;124;0;130;0
FR;2;2021-01-15;218;0;348;0
FR;2;2021-01-16;185;0;533;0
FR;2;2021-01-17;3;0;536;0
FR;2;2021-01-18;2847;0;3383;0
FR;2;2021-01-19;4377;0;7760;0
FR;2;2021-01-20;4781;0;12541;0
FR;2;2021-01-21;5002;0;17543;0
FR;2;2021-01-22;4752;0;22295;0
FR;2;2021-01-23;1725;0;24020;0
FR;2;2021-01-24;81;0;24101;0
FR;2;2021-01-25;3578;0;27679;0
FR;2;2021-01-26;3588;0;31267;0
FR;2;2021-01-27;3397;0;34664;0
FR;2;2021-01-28;3478;1;38142;1
FR;2;2021-01-29;3072;0;41214;1
FR;2;2021-01-30;1053;0;42267;1
FR;2;2021-02-01;3244;0;45511;1
FR;2;2021-02-02;4296;0;49807;1
FR;2;2021-02-03;5015;1;54822;2
FR;2;2021-02-04;4653;2;59475;4
FR;2;2021-02-05;4545;2;64020;6
FR;2;2021-02-06;1857;0;65877;6
FR;2;2021-02-07;27;0;65904;6
FR;2;2021-02-08;7322;6;73226;12
FR;2;2021-02-09;8148;10;81374;22
FR;2;2021-02-10;9054;43;90428;65
FR;2;2021-02-11;9884;114;100312;179
FR;2;2021-02-12;9629;245;109941;424
FR;2;2021-02-13;2950;202;112891;626
FR;2;2021-02-14;305;0;113196;626
FR;2;2021-02-15;3289;3007;116485;3633
FR;2;2021-02-16;4787;4039;121272;7672
FR;2;2021-02-17;4000;4446;125272;12118
FR;2;2021-02-18;5000;5086;130272;17204
FR;2;2021-02-19;4814;4402;135086;21606
FR;2;2021-02-20;1755;1491;136841;23097
FR;2;2021-02-21;193;86;137034;23183
FR;2;2021-02-22;3139;3690;140173;26873
FR;2;2021-02-23;4508;3594;144681;30467
FR;2;2021-02-24;4184;3464;148865;33931
FR;2;2021-02-25;5090;3389;153955;37320
FR;2;2021-02-26;4022;3079;157977;40399
FR;2;2021-02-27;1327;1052;159304;41451
FR;2;2021-02-28;97;3;159401;41454
FR;2;2021-03-01;4444;3667;163845;45121
FR;2;2021-03-02;6004;4638;169849;49759
FR;2;2021-03-03;6076;4887;175925;54646
FR;2;2021-03-04;7466;4012;183391;58658
FR;2;2021-03-05;7372;3870;190763;62528
FR;3;2021-02-06;197;0;197;0
FR;3;2021-02-07;1351;0;1548;0
FR;3;2021-02-08;2544;0;4092;0
FR;3;2021-02-09;6443;0;10535;0
FR;3;2021-02-10;8901;0;19436;0
FR;3;2021-02-11;12536;0;31972;0
FR;3;2021-02-12;12467;0;44439;0
FR;3;2021-02-13;3446;0;47885;0
FR;3;2021-02-14;837;0;48722;0
FR;3;2021-02-15;9590;0;58312;0
FR;3;2021-02-16;11667;0;69979;0
FR;3;2021-02-17;10327;0;80306;0
FR;3;2021-02-18;13733;0;94039;0
FR;3;2021-02-19;13336;0;107375;0
FR;3;2021-02-20;3008;0;110383;0
FR;3;2021-02-21;528;0;110911;0
FR;3;2021-02-22;8334;0;119245;0
FR;3;2021-02-23;10333;0;129578;0
FR;3;2021-02-24;12896;0;142474;0
FR;3;2021-02-25;42511;0;184985;0
FR;3;2021-02-26;59081;0;244066;0
FR;3;2021-02-27;33303;0;277369;0
FR;3;2021-02-28;2115;0;279484;0
FR;3;2021-03-01;18504;0;297988;0
FR;3;2021-03-02;36430;0;334418;0
FR;3;2021-03-03;45205;0;379623;0
FR;3;2021-03-04;74360;0;453983;0
FR;3;2021-03-05;106481;0;560464;0
