reg;jour;n_dose1;n_dose2;n_cum_dose1;n_cum_dose2;couv_dose1;couv_dose2
01;2021-01-08;1;0;1;0;0.0;0.0
01;2021-01-09;2;0;3;0;0.0;0.0
01;2021-01-12;20;0;23;0;0.0;0.0
01;2021-01-13;17;0;40;0;0.0;0.0
01;2021-01-14;35;0;75;0;0.0;0.0
01;2021-01-15;31;0;106;0;0.0;0.0
01;2021-01-18;62;0;168;0;0.0;0.0
01;2021-01-19;104;0;272;0;0.1;0.0
01;2021-01-20;64;0;336;0;0.1;0.0
01;2021-01-21;95;0;431;0;0.1;0.0
01;2021-01-22;85;0;516;0;0.1;0.0
01;2021-01-23;1;0;517;0;0.1;0.0
01;2021-01-25;83;0;600;0;0.2;0.0
01;2021-01-26;99;1;699;1;0.2;0.0
01;2021-01-27;200;0;899;1;0.2;0.0
01;2021-01-28;107;2;1006;3;0.3;0.0
01;2021-01-29;92;1;1098;4;0.3;0.0
01;2021-01-30;2;0;1100;4;0.3;0.0
01;2021-02-01;94;5;1194;9;0.3;0.0
01;2021-02-02;140;24;1334;33;0.4;0.0
01;2021-02-03;132;7;1466;40;0.4;0.0
01;2021-02-04;129;25;1595;65;0.4;0.0
01;2021-02-05;148;28;1743;93;0.5;0.0
01;2021-02-06;1;0;1744;93;0.5;0.0
01;2021-02-08;105;20;1849;113;0.5;0.0
01;2021-02-09;205;37;2054;150;0.5;0.0
01;2021-02-10;130;40;2184;190;0.6;0.1
01;2021-02-11;174;108;2358;298;0.6;0.1
01;2021-02-12;217;37;2575;335;0.7;0.1
01;2021-02-13;0;9;2575;344;0.7;0.1
01;2021-02-14;12;32;2587;376;0.7;0.1
01;2021-02-15;92;31;2679;407;0.7;0.1
01;2021-02-16;13;0;2692;407;0.7;0.1
01;2021-02-18;150;36;2842;443;0.8;0.1
01;2021-02-19;208;58;3050;501;0.8;0.1
01;2021-02-22;103;47;3153;548;0.8;0.1
01;2021-02-23;154;86;3307;634;0.9;0.2
01;2021-02-24;193;110;3500;744;0.9;0.2
01;2021-02-25;152;75;3652;819;1.0;0.2
01;2021-02-26;92;97;3744;916;1.0;0.2
01;2021-03-01;51;83;3795;999;1.0;0.3
01;2021-03-02;156;135;3951;1134;1.0;0.3
01;2021-03-03;53;126;4004;1260;1.1;0.3
01;2021-03-04;101;84;4105;1344;1.1;0.4
01;2021-03-05;189;130;4294;1474;1.1;0.4
01;2021-03-06;74;0;4368;1474;1.2;0.4
01;2021-03-08;77;116;4445;1590;1.2;0.4
01;2021-03-09;169;168;4614;1758;1.2;0.5
01;2021-03-10;149;138;4763;1896;1.3;0.5
01;2021-03-11;91;42;4854;1938;1.3;0.5
01;2021-03-12;195;186;5049;2124;1.3;0.6
01;2021-03-13;26;15;5075;2139;1.3;0.6
01;2021-03-14;1;0;5076;2139;1.3;0.6
02;2021-01-06;5;0;5;0;0.0;0.0
02;2021-01-07;31;0;36;0;0.0;0.0
02;2021-01-08;79;0;115;0;0.0;0.0
02;2021-01-09;20;0;135;0;0.0;0.0
02;2021-01-11;117;0;252;0;0.1;0.0
02;2021-01-12;78;0;330;0;0.1;0.0
02;2021-01-13;64;0;394;0;0.1;0.0
02;2021-01-14;81;0;475;0;0.1;0.0
02;2021-01-15;130;0;605;0;0.2;0.0
02;2021-01-16;51;1;656;1;0.2;0.0
02;2021-01-18;158;0;814;1;0.2;0.0
02;2021-01-19;140;0;954;1;0.3;0.0
02;2021-01-20;163;0;1117;1;0.3;0.0
02;2021-01-21;181;0;1298;1;0.4;0.0
02;2021-01-22;156;0;1454;1;0.4;0.0
02;2021-01-23;58;0;1512;1;0.4;0.0
02;2021-01-25;156;0;1668;1;0.5;0.0
02;2021-01-26;132;0;1800;1;0.5;0.0
02;2021-01-27;158;6;1958;7;0.5;0.0
02;2021-01-28;143;24;2101;31;0.6;0.0
02;2021-01-29;143;57;2244;88;0.6;0.0
02;2021-01-30;95;16;2339;104;0.7;0.0
02;2021-02-01;114;105;2453;209;0.7;0.1
02;2021-02-02;184;81;2637;290;0.7;0.1
02;2021-02-03;127;69;2764;359;0.8;0.1
02;2021-02-04;156;61;2920;420;0.8;0.1
02;2021-02-05;120;87;3040;507;0.8;0.1
02;2021-02-06;62;25;3102;532;0.9;0.1
02;2021-02-07;1;0;3103;532;0.9;0.1
02;2021-02-08;136;94;3239;626;0.9;0.2
02;2021-02-09;172;70;3411;696;1.0;0.2
02;2021-02-10;138;89;3549;785;1.0;0.2
02;2021-02-11;135;108;3684;893;1.0;0.2
02;2021-02-12;123;124;3807;1017;1.1;0.3
02;2021-02-13;38;38;3845;1055;1.1;0.3
02;2021-02-15;48;63;3893;1118;1.1;0.3
02;2021-02-17;0;1;3893;1119;1.1;0.3
02;2021-02-18;64;129;3957;1248;1.1;0.3
02;2021-02-19;69;126;4026;1374;1.1;0.4
02;2021-02-20;48;68;4074;1442;1.1;0.4
02;2021-02-22;96;134;4170;1576;1.2;0.4
02;2021-02-23;112;220;4282;1796;1.2;0.5
02;2021-02-24;93;169;4375;1965;1.2;0.5
02;2021-02-25;78;149;4453;2114;1.2;0.6
02;2021-02-26;111;164;4564;2278;1.3;0.6
02;2021-02-27;68;51;4632;2329;1.3;0.6
02;2021-03-01;137;137;4769;2466;1.3;0.7
02;2021-03-02;155;114;4924;2580;1.4;0.7
02;2021-03-03;177;103;5101;2683;1.4;0.7
02;2021-03-04;140;122;5241;2805;1.5;0.8
02;2021-03-05;231;119;5472;2924;1.5;0.8
02;2021-03-06;116;59;5588;2983;1.6;0.8
02;2021-03-07;95;0;5683;2983;1.6;0.8
02;2021-03-08;191;124;5874;3107;1.6;0.9
02;2021-03-09;272;124;6146;3231;1.7;0.9
02;2021-03-10;320;118;6466;3349;1.8;0.9
02;2021-03-11;301;70;6767;3419;1.9;1.0
02;2021-03-12;381;41;7148;3460;2.0;1.0
02;2021-03-13;105;21;7253;3481;2.0;1.0
02;2021-03-14;7;0;7260;3481;2.0;1.0
03;2021-01-13;30;0;30;0;0.0;0.0
03;2021-01-14;46;0;76;0;0.0;0.0
03;2021-01-15;34;0;110;0;0.0;0.0
03;2021-01-16;18;0;128;0;0.0;0.0
03;2021-01-18;61;0;189;0;0.1;0.0
03;2021-01-19;142;0;331;0;0.1;0.0
03;2021-01-20;132;0;463;0;0.2;0.0
03;2021-01-21;116;0;579;0;0.2;0.0
03;2021-01-22;75;0;654;0;0.2;0.0
03;2021-01-25;56;0;710;0;0.2;0.0
03;2021-01-26;98;0;808;0;0.3;0.0
03;2021-01-27;109;0;917;0;0.3;0.0
03;2021-01-28;96;2;1013;2;0.3;0.0
03;2021-01-29;103;2;1116;4;0.4;0.0
03;2021-02-01;54;0;1170;4;0.4;0.0
03;2021-02-02;122;4;1292;8;0.4;0.0
03;2021-02-03;113;18;1405;26;0.5;0.0
03;2021-02-04;79;37;1484;63;0.5;0.0
03;2021-02-05;55;7;1539;70;0.5;0.0
03;2021-02-08;50;12;1589;82;0.5;0.0
03;2021-02-09;91;38;1680;120;0.6;0.0
03;2021-02-10;99;76;1779;196;0.6;0.1
03;2021-02-11;96;71;1875;267;0.6;0.1
03;2021-02-12;82;43;1957;310;0.7;0.1
03;2021-02-15;26;63;1983;373;0.7;0.1
03;2021-02-16;119;50;2102;423;0.7;0.1
03;2021-02-17;133;123;2235;546;0.8;0.2
03;2021-02-18;100;140;2335;686;0.8;0.2
03;2021-02-19;119;72;2454;758;0.8;0.3
03;2021-02-22;78;48;2532;806;0.9;0.3
03;2021-02-23;152;93;2684;899;0.9;0.3
03;2021-02-24;182;119;2866;1018;1.0;0.4
03;2021-02-25;252;89;3118;1107;1.1;0.4
03;2021-02-26;252;67;3370;1174;1.2;0.4
03;2021-02-27;112;1;3482;1175;1.2;0.4
03;2021-03-01;173;87;3655;1262;1.3;0.4
03;2021-03-02;243;104;3898;1366;1.3;0.5
03;2021-03-03;249;124;4147;1490;1.4;0.5
03;2021-03-04;260;69;4407;1559;1.5;0.5
03;2021-03-05;241;45;4648;1604;1.6;0.6
03;2021-03-06;115;0;4763;1604;1.6;0.6
03;2021-03-08;185;33;4948;1637;1.7;0.6
03;2021-03-09;275;73;5223;1710;1.8;0.6
03;2021-03-10;257;106;5480;1816;1.9;0.6
03;2021-03-11;221;105;5701;1921;2.0;0.7
03;2021-03-12;257;81;5958;2002;2.0;0.7
03;2021-03-13;110;2;6068;2004;2.1;0.7
04;2021-01-01;1;0;1;0;0.0;0.0
04;2021-01-05;2;0;3;0;0.0;0.0
04;2021-01-09;1;0;4;0;0.0;0.0
04;2021-01-15;321;0;325;0;0.0;0.0
04;2021-01-16;26;0;351;0;0.0;0.0
04;2021-01-18;49;0;400;0;0.0;0.0
04;2021-01-19;393;0;793;0;0.1;0.0
04;2021-01-20;439;0;1232;0;0.1;0.0
04;2021-01-21;605;0;1837;0;0.2;0.0
04;2021-01-22;409;0;2246;0;0.3;0.0
04;2021-01-23;75;0;2321;0;0.3;0.0
04;2021-01-25;271;0;2592;0;0.3;0.0
04;2021-01-26;429;0;3021;0;0.4;0.0
04;2021-01-27;317;0;3338;0;0.4;0.0
04;2021-01-28;404;0;3742;0;0.4;0.0
04;2021-01-29;420;2;4162;2;0.5;0.0
04;2021-01-30;419;0;4581;2;0.5;0.0
04;2021-02-01;372;4;4953;6;0.6;0.0
04;2021-02-02;496;3;5449;9;0.6;0.0
04;2021-02-03;590;13;6039;22;0.7;0.0
04;2021-02-04;623;17;6662;39;0.8;0.0
04;2021-02-05;564;239;7226;278;0.8;0.0
04;2021-02-06;499;3;7725;281;0.9;0.0
04;2021-02-08;464;31;8189;312;1.0;0.0
04;2021-02-09;769;112;8958;424;1.0;0.0
04;2021-02-10;740;93;9698;517;1.1;0.1
04;2021-02-11;775;107;10473;624;1.2;0.1
04;2021-02-12;635;78;11108;702;1.3;0.1
04;2021-02-13;541;20;11649;722;1.4;0.1
04;2021-02-14;1;0;11650;722;1.4;0.1
04;2021-02-15;521;152;12171;874;1.4;0.1
04;2021-02-16;625;500;12796;1374;1.5;0.2
04;2021-02-17;525;368;13321;1742;1.5;0.2
04;2021-02-18;478;472;13799;2214;1.6;0.3
04;2021-02-19;498;283;14297;2497;1.7;0.3
04;2021-02-20;572;105;14869;2602;1.7;0.3
04;2021-02-22;400;231;15269;2833;1.8;0.3
04;2021-02-23;603;236;15872;3069;1.8;0.4
04;2021-02-24;561;269;16433;3338;1.9;0.4
04;2021-02-25;622;307;17055;3645;2.0;0.4
04;2021-02-26;469;445;17524;4090;2.0;0.5
04;2021-02-27;342;402;17866;4492;2.1;0.5
04;2021-03-01;281;408;18147;4900;2.1;0.6
04;2021-03-02;459;609;18606;5509;2.2;0.6
04;2021-03-03;743;674;19349;6183;2.2;0.7
04;2021-03-04;733;602;20082;6785;2.3;0.8
04;2021-03-05;719;489;20801;7274;2.4;0.8
04;2021-03-06;805;425;21606;7699;2.5;0.9
04;2021-03-08;427;484;22033;8183;2.6;1.0
04;2021-03-09;611;664;22644;8847;2.6;1.0
04;2021-03-10;614;690;23258;9537;2.7;1.1
04;2021-03-11;594;609;23852;10146;2.8;1.2
04;2021-03-12;676;618;24528;10764;2.9;1.3
04;2021-03-13;666;595;25194;11359;2.9;1.3
06;2021-01-11;9;0;9;0;0.0;0.0
06;2021-01-23;1;0;10;0;0.0;0.0
06;2021-01-25;133;0;143;0;0.1;0.0
06;2021-01-26;155;1;298;1;0.1;0.0
06;2021-01-27;234;0;532;1;0.2;0.0
06;2021-01-28;92;0;624;1;0.2;0.0
06;2021-01-29;222;1;846;2;0.3;0.0
06;2021-01-30;283;0;1129;2;0.4;0.0
06;2021-01-31;1;0;1130;2;0.4;0.0
06;2021-02-01;100;2;1230;4;0.4;0.0
06;2021-02-02;327;0;1557;4;0.6;0.0
06;2021-02-03;214;0;1771;4;0.6;0.0
06;2021-02-04;213;0;1984;4;0.7;0.0
06;2021-02-05;211;0;2195;4;0.8;0.0
06;2021-02-06;82;0;2277;4;0.8;0.0
06;2021-02-08;79;2;2356;6;0.8;0.0
06;2021-02-09;159;2;2515;8;0.9;0.0
06;2021-02-10;152;0;2667;8;1.0;0.0
06;2021-02-11;221;0;2888;8;1.0;0.0
06;2021-02-12;268;1;3156;9;1.1;0.0
06;2021-02-13;55;0;3211;9;1.1;0.0
06;2021-02-15;257;1;3468;10;1.2;0.0
06;2021-02-16;247;7;3715;17;1.3;0.0
06;2021-02-17;165;0;3880;17;1.4;0.0
06;2021-02-18;163;3;4043;20;1.4;0.0
06;2021-02-19;223;7;4266;27;1.5;0.0
06;2021-02-20;134;4;4400;31;1.6;0.0
06;2021-02-22;107;153;4507;184;1.6;0.1
06;2021-02-23;174;163;4681;347;1.7;0.1
06;2021-02-24;163;116;4844;463;1.7;0.2
06;2021-02-25;180;211;5024;674;1.8;0.2
06;2021-02-26;226;263;5250;937;1.9;0.3
06;2021-03-01;129;242;5379;1179;1.9;0.4
06;2021-03-02;194;253;5573;1432;2.0;0.5
06;2021-03-03;159;115;5732;1547;2.1;0.6
06;2021-03-04;174;83;5906;1630;2.1;0.6
06;2021-03-05;98;61;6004;1691;2.1;0.6
06;2021-03-08;120;24;6124;1715;2.2;0.6
06;2021-03-09;315;31;6439;1746;2.3;0.6
06;2021-03-10;107;131;6546;1877;2.3;0.7
06;2021-03-11;104;62;6650;1939;2.4;0.7
06;2021-03-12;158;92;6808;2031;2.4;0.7
07;2021-01-15;1;0;1;0;0.0;0.0
07;2021-01-21;2;0;3;0;0.0;0.0
07;2021-01-28;1;0;4;0;0.0;0.0
07;2021-02-03;7;0;11;0;0.1;0.0
07;2021-02-04;12;0;23;0;0.2;0.0
07;2021-02-05;10;2;33;2;0.3;0.0
07;2021-02-08;9;0;42;2;0.4;0.0
07;2021-02-09;25;0;67;2;0.7;0.0
07;2021-02-10;18;0;85;2;0.9;0.0
07;2021-02-11;31;0;116;2;1.2;0.0
07;2021-02-12;21;0;137;2;1.4;0.0
07;2021-02-16;1;0;138;2;1.4;0.0
07;2021-02-17;0;1;138;3;1.4;0.0
07;2021-02-18;17;2;155;5;1.6;0.1
07;2021-02-19;22;0;177;5;1.8;0.1
07;2021-02-24;20;0;197;5;2.0;0.1
07;2021-02-25;13;10;210;15;2.1;0.2
07;2021-02-26;20;10;230;25;2.3;0.3
07;2021-03-02;14;13;244;38;2.4;0.4
07;2021-03-03;27;0;271;38;2.7;0.4
07;2021-03-04;25;20;296;58;3.0;0.6
07;2021-03-05;17;9;313;67;3.1;0.7
07;2021-03-08;1;0;314;67;3.2;0.7
07;2021-03-09;1;0;315;67;3.2;0.7
07;2021-03-10;16;15;331;82;3.3;0.8
07;2021-03-11;17;16;348;98;3.5;1.0
07;2021-03-12;26;20;374;118;3.8;1.2
07;2021-03-14;11;0;385;118;3.9;1.2
08;2021-02-02;3;0;3;0;0.0;0.0
08;2021-02-04;28;0;31;0;0.1;0.0
08;2021-02-09;2;0;33;0;0.1;0.0
08;2021-02-10;2;0;35;0;0.1;0.0
08;2021-02-19;1;0;36;0;0.1;0.0
08;2021-02-22;1;0;37;0;0.1;0.0
08;2021-02-23;3;0;40;0;0.1;0.0
08;2021-02-25;37;3;77;3;0.2;0.0
08;2021-02-26;32;4;109;7;0.3;0.0
08;2021-03-01;44;2;153;9;0.4;0.0
08;2021-03-02;5;41;158;50;0.4;0.1
08;2021-03-03;32;14;190;64;0.5;0.2
08;2021-03-04;25;20;215;84;0.6;0.2
08;2021-03-05;33;9;248;93;0.7;0.3
08;2021-03-08;29;7;277;100;0.8;0.3
08;2021-03-09;19;29;296;129;0.8;0.4
08;2021-03-10;21;25;317;154;0.9;0.4
08;2021-03-12;49;21;366;175;1.0;0.5
11;2020-12-27;12;0;12;0;0.0;0.0
11;2020-12-28;6;0;18;0;0.0;0.0
11;2020-12-29;55;0;73;0;0.0;0.0
11;2020-12-30;78;0;151;0;0.0;0.0
11;2020-12-31;37;0;188;0;0.0;0.0
11;2021-01-01;20;0;208;0;0.0;0.0
11;2021-01-02;57;0;265;0;0.0;0.0
11;2021-01-03;76;0;341;0;0.0;0.0
11;2021-01-04;540;0;881;0;0.0;0.0
11;2021-01-05;1984;0;2865;0;0.0;0.0
11;2021-01-06;2906;0;5771;0;0.0;0.0
11;2021-01-07;5158;0;10929;0;0.1;0.0
11;2021-01-08;6734;0;17663;0;0.1;0.0
11;2021-01-09;1851;0;19514;0;0.2;0.0
11;2021-01-10;1718;0;21232;0;0.2;0.0
11;2021-01-11;7644;0;28876;0;0.2;0.0
11;2021-01-12;9867;0;38743;0;0.3;0.0
11;2021-01-13;9540;0;48283;0;0.4;0.0
11;2021-01-14;9734;0;58017;0;0.5;0.0
11;2021-01-15;8547;0;66564;0;0.5;0.0
11;2021-01-16;2353;81;68917;81;0.6;0.0
11;2021-01-17;1070;1;69987;82;0.6;0.0
11;2021-01-18;12001;9;81988;91;0.7;0.0
11;2021-01-19;15468;31;97456;122;0.8;0.0
11;2021-01-20;17999;21;115455;143;0.9;0.0
11;2021-01-21;21734;35;137189;178;1.1;0.0
11;2021-01-22;16678;82;153867;260;1.3;0.0
11;2021-01-23;4909;30;158776;290;1.3;0.0
11;2021-01-24;1241;54;160017;344;1.3;0.0
11;2021-01-25;8732;184;168749;528;1.4;0.0
11;2021-01-26;12187;403;180936;931;1.5;0.0
11;2021-01-27;16002;763;196938;1694;1.6;0.0
11;2021-01-28;20023;1439;216961;3133;1.8;0.0
11;2021-01-29;15174;1561;232135;4694;1.9;0.0
11;2021-01-30;4420;143;236555;4837;1.9;0.0
11;2021-01-31;581;158;237136;4995;1.9;0.0
11;2021-02-01;7300;2487;244436;7482;2.0;0.1
11;2021-02-02;8235;3924;252671;11406;2.1;0.1
11;2021-02-03;8069;4813;260740;16219;2.1;0.1
11;2021-02-04;8732;6119;269472;22338;2.2;0.2
11;2021-02-05;8852;5968;278324;28306;2.3;0.2
11;2021-02-06;3229;1453;281553;29759;2.3;0.2
11;2021-02-07;576;1352;282129;31111;2.3;0.3
11;2021-02-08;6132;7182;288261;38293;2.3;0.3
11;2021-02-09;8285;11368;296546;49661;2.4;0.4
11;2021-02-10;9886;13645;306432;63306;2.5;0.5
11;2021-02-11;11906;15492;318338;78798;2.6;0.6
11;2021-02-12;11514;10881;329852;89679;2.7;0.7
11;2021-02-13;2640;1987;332492;91666;2.7;0.7
11;2021-02-14;290;602;332782;92268;2.7;0.8
11;2021-02-15;4290;10836;337072;103104;2.7;0.8
11;2021-02-16;5433;13607;342505;116711;2.8;1.0
11;2021-02-17;5582;16612;348087;133323;2.8;1.1
11;2021-02-18;8312;20759;356399;154082;2.9;1.3
11;2021-02-19;8724;14497;365123;168579;3.0;1.4
11;2021-02-20;1615;3810;366738;172389;3.0;1.4
11;2021-02-21;389;851;367127;173240;3.0;1.4
11;2021-02-22;4064;9000;371191;182240;3.0;1.5
11;2021-02-23;4739;10004;375930;192244;3.1;1.6
11;2021-02-24;5185;9596;381115;201840;3.1;1.6
11;2021-02-25;8177;10105;389292;211945;3.2;1.7
11;2021-02-26;10807;9515;400099;221460;3.3;1.8
11;2021-02-27;4943;3164;405042;224624;3.3;1.8
11;2021-02-28;673;545;405715;225169;3.3;1.8
11;2021-03-01;8266;7416;413981;232585;3.4;1.9
11;2021-03-02;13611;8977;427592;241562;3.5;2.0
11;2021-03-03;17722;9488;445314;251050;3.6;2.0
11;2021-03-04;26274;10779;471588;261829;3.8;2.1
11;2021-03-05;34670;9670;506258;271499;4.1;2.2
11;2021-03-06;45250;2586;551508;274085;4.5;2.2
11;2021-03-07;33530;506;585038;274591;4.8;2.2
11;2021-03-08;16834;5926;601872;280517;4.9;2.3
11;2021-03-09;24055;6334;625927;286851;5.1;2.3
11;2021-03-10;23801;7218;649728;294069;5.3;2.4
11;2021-03-11;32157;8387;681885;302456;5.6;2.5
11;2021-03-12;39686;7420;721571;309876;5.9;2.5
11;2021-03-13;37962;1668;759533;311544;6.2;2.5
11;2021-03-14;13757;335;773290;311879;6.3;2.5
24;2020-12-28;17;0;17;0;0.0;0.0
24;2020-12-29;9;0;26;0;0.0;0.0
24;2021-01-01;1;0;27;0;0.0;0.0
24;2021-01-04;24;0;51;0;0.0;0.0
24;2021-01-05;163;0;214;0;0.0;0.0
24;2021-01-06;327;0;541;0;0.0;0.0
24;2021-01-07;490;0;1031;0;0.0;0.0
24;2021-01-08;951;0;1982;0;0.1;0.0
24;2021-01-09;502;0;2484;0;0.1;0.0
24;2021-01-10;395;0;2879;0;0.1;0.0
24;2021-01-11;1278;0;4157;0;0.2;0.0
24;2021-01-12;2572;0;6729;0;0.3;0.0
24;2021-01-13;2141;0;8870;0;0.3;0.0
24;2021-01-14;2459;0;11329;0;0.4;0.0
24;2021-01-15;2056;0;13385;0;0.5;0.0
24;2021-01-16;851;55;14236;55;0.6;0.0
24;2021-01-17;312;1;14548;56;0.6;0.0
24;2021-01-18;3206;6;17754;62;0.7;0.0
24;2021-01-19;6269;17;24023;79;0.9;0.0
24;2021-01-20;7107;0;31130;79;1.2;0.0
24;2021-01-21;7364;1;38494;80;1.5;0.0
24;2021-01-22;5080;0;43574;80;1.7;0.0
24;2021-01-23;1270;1;44844;81;1.8;0.0
24;2021-01-24;225;0;45069;81;1.8;0.0
24;2021-01-25;3100;14;48169;95;1.9;0.0
24;2021-01-26;4642;96;52811;191;2.1;0.0
24;2021-01-27;5013;245;57824;436;2.3;0.0
24;2021-01-28;5596;535;63420;971;2.5;0.0
24;2021-01-29;3417;689;66837;1660;2.6;0.1
24;2021-01-30;1207;393;68044;2053;2.7;0.1
24;2021-01-31;251;348;68295;2401;2.7;0.1
24;2021-02-01;2170;973;70465;3374;2.8;0.1
24;2021-02-02;3020;2134;73485;5508;2.9;0.2
24;2021-02-03;3108;1754;76593;7262;3.0;0.3
24;2021-02-04;3226;1687;79819;8949;3.1;0.3
24;2021-02-05;2385;1271;82204;10220;3.2;0.4
24;2021-02-06;705;261;82909;10481;3.2;0.4
24;2021-02-07;134;31;83043;10512;3.2;0.4
24;2021-02-08;1968;1607;85011;12119;3.3;0.5
24;2021-02-09;3366;3716;88377;15835;3.5;0.6
24;2021-02-10;4047;4127;92424;19962;3.6;0.8
24;2021-02-11;4631;5299;97055;25261;3.8;1.0
24;2021-02-12;3440;3181;100495;28442;3.9;1.1
24;2021-02-13;838;691;101333;29133;4.0;1.1
24;2021-02-14;427;121;101760;29254;4.0;1.1
24;2021-02-15;1969;2987;103729;32241;4.1;1.3
24;2021-02-16;2766;4552;106495;36793;4.2;1.4
24;2021-02-17;2675;5140;109170;41933;4.3;1.6
24;2021-02-18;3447;5180;112617;47113;4.4;1.8
24;2021-02-19;3122;3376;115739;50489;4.5;2.0
24;2021-02-20;1283;939;117022;51428;4.6;2.0
24;2021-02-21;424;144;117446;51572;4.6;2.0
24;2021-02-22;1620;2741;119066;54313;4.7;2.1
24;2021-02-23;2326;3055;121392;57368;4.7;2.2
24;2021-02-24;2080;3308;123472;60676;4.8;2.4
24;2021-02-25;3541;3203;127013;63879;5.0;2.5
24;2021-02-26;4386;2583;131399;66462;5.1;2.6
24;2021-02-27;1863;908;133262;67370;5.2;2.6
24;2021-02-28;96;157;133358;67527;5.2;2.6
24;2021-03-01;2129;1943;135487;69470;5.3;2.7
24;2021-03-02;3378;3003;138865;72473;5.4;2.8
24;2021-03-03;3491;3473;142356;75946;5.6;3.0
24;2021-03-04;5189;3782;147545;79728;5.8;3.1
24;2021-03-05;6718;2580;154263;82308;6.0;3.2
24;2021-03-06;7307;606;161570;82914;6.3;3.2
24;2021-03-07;2278;155;163848;83069;6.4;3.2
24;2021-03-08;2623;2300;166471;85369;6.5;3.3
24;2021-03-09;5667;2651;172138;88020;6.7;3.4
24;2021-03-10;6318;3368;178456;91388;7.0;3.6
24;2021-03-11;7605;3376;186061;94764;7.3;3.7
24;2021-03-12;10124;2297;196185;97061;7.7;3.8
24;2021-03-13;6871;670;203056;97731;7.9;3.8
24;2021-03-14;1498;250;204554;97981;8.0;3.8
27;2020-12-27;4;0;4;0;0.0;0.0
27;2020-12-29;19;0;23;0;0.0;0.0
27;2020-12-30;20;0;43;0;0.0;0.0
27;2021-01-03;1;0;44;0;0.0;0.0
27;2021-01-04;26;0;70;0;0.0;0.0
27;2021-01-05;261;0;331;0;0.0;0.0
27;2021-01-06;713;0;1044;0;0.0;0.0
27;2021-01-07;1551;0;2595;0;0.1;0.0
27;2021-01-08;1895;0;4490;0;0.2;0.0
27;2021-01-09;687;0;5177;0;0.2;0.0
27;2021-01-10;3;0;5180;0;0.2;0.0
27;2021-01-11;2401;0;7581;0;0.3;0.0
27;2021-01-12;3706;0;11287;0;0.4;0.0
27;2021-01-13;3763;0;15050;0;0.5;0.0
27;2021-01-14;4618;0;19668;0;0.7;0.0
27;2021-01-15;3532;0;23200;0;0.8;0.0
27;2021-01-16;783;40;23983;40;0.9;0.0
27;2021-01-17;116;0;24099;40;0.9;0.0
27;2021-01-18;6203;1;30302;41;1.1;0.0
27;2021-01-19;8318;24;38620;65;1.4;0.0
27;2021-01-20;7873;20;46493;85;1.7;0.0
27;2021-01-21;9349;1;55842;86;2.0;0.0
27;2021-01-22;7632;1;63474;87;2.3;0.0
27;2021-01-23;2973;0;66447;87;2.4;0.0
27;2021-01-24;346;0;66793;87;2.4;0.0
27;2021-01-25;5205;17;71998;104;2.6;0.0
27;2021-01-26;7341;307;79339;411;2.9;0.0
27;2021-01-27;7025;622;86364;1033;3.1;0.0
27;2021-01-28;6175;1189;92539;2222;3.3;0.1
27;2021-01-29;5819;1458;98358;3680;3.5;0.1
27;2021-01-30;2466;351;100824;4031;3.6;0.1
27;2021-01-31;250;3;101074;4034;3.6;0.1
27;2021-02-01;3355;1726;104429;5760;3.8;0.2
27;2021-02-02;4044;2836;108473;8596;3.9;0.3
27;2021-02-03;3618;2961;112091;11557;4.0;0.4
27;2021-02-04;3692;3352;115783;14909;4.2;0.5
27;2021-02-05;3233;2638;119016;17547;4.3;0.6
27;2021-02-06;1603;654;120619;18201;4.3;0.7
27;2021-02-07;5;4;120624;18205;4.3;0.7
27;2021-02-08;2908;2626;123532;20831;4.4;0.7
27;2021-02-09;3008;3816;126540;24647;4.5;0.9
27;2021-02-10;3033;3909;129573;28556;4.7;1.0
27;2021-02-11;3229;5190;132802;33746;4.8;1.2
27;2021-02-12;2711;4037;135513;37783;4.9;1.4
27;2021-02-13;981;1426;136494;39209;4.9;1.4
27;2021-02-14;257;221;136751;39430;4.9;1.4
27;2021-02-15;1225;5224;137976;44654;5.0;1.6
27;2021-02-16;1485;7248;139461;51902;5.0;1.9
27;2021-02-17;1783;6750;141244;58652;5.1;2.1
27;2021-02-18;2075;6224;143319;64876;5.1;2.3
27;2021-02-19;1683;5447;145002;70323;5.2;2.5
27;2021-02-20;698;2056;145700;72379;5.2;2.6
27;2021-02-21;0;149;145700;72528;5.2;2.6
27;2021-02-22;934;4712;146634;77240;5.3;2.8
27;2021-02-23;1183;5105;147817;82345;5.3;3.0
27;2021-02-24;1449;4753;149266;87098;5.4;3.1
27;2021-02-25;2860;4823;152126;91921;5.5;3.3
27;2021-02-26;3597;3911;155723;95832;5.6;3.4
27;2021-02-27;1889;1925;157612;97757;5.7;3.5
27;2021-02-28;106;210;157718;97967;5.7;3.5
27;2021-03-01;3552;3286;161270;101253;5.8;3.6
27;2021-03-02;5211;4002;166481;105255;6.0;3.8
27;2021-03-03;5769;3500;172250;108755;6.2;3.9
27;2021-03-04;7227;3458;179477;112213;6.4;4.0
27;2021-03-05;9342;2812;188819;115025;6.8;4.1
27;2021-03-06;6222;949;195041;115974;7.0;4.2
27;2021-03-07;834;14;195875;115988;7.0;4.2
27;2021-03-08;4484;3204;200359;119192;7.2;4.3
27;2021-03-09;8010;3008;208369;122200;7.5;4.4
27;2021-03-10;8211;2625;216580;124825;7.8;4.5
27;2021-03-11;9764;2807;226344;127632;8.1;4.6
27;2021-03-12;11370;2144;237714;129776;8.5;4.7
27;2021-03-13;6845;511;244559;130287;8.8;4.7
27;2021-03-14;235;1;244794;130288;8.8;4.7
28;2020-12-29;2;0;2;0;0.0;0.0
28;2020-12-31;1;0;3;0;0.0;0.0
28;2021-01-03;1;0;4;0;0.0;0.0
28;2021-01-04;16;0;20;0;0.0;0.0
28;2021-01-05;169;0;189;0;0.0;0.0
28;2021-01-06;1366;0;1555;0;0.0;0.0
28;2021-01-07;2581;0;4136;0;0.1;0.0
28;2021-01-08;3399;0;7535;0;0.2;0.0
28;2021-01-09;1326;0;8861;0;0.3;0.0
28;2021-01-10;703;0;9564;0;0.3;0.0
28;2021-01-11;3158;0;12722;0;0.4;0.0
28;2021-01-12;3901;0;16623;0;0.5;0.0
28;2021-01-13;4263;0;20886;0;0.6;0.0
28;2021-01-14;7947;0;28833;0;0.9;0.0
28;2021-01-15;6172;0;35005;0;1.1;0.0
28;2021-01-16;2082;61;37087;61;1.1;0.0
28;2021-01-17;4060;2;41147;63;1.2;0.0
28;2021-01-18;8680;2;49827;65;1.5;0.0
28;2021-01-19;7067;0;56894;65;1.7;0.0
28;2021-01-20;6486;0;63380;65;1.9;0.0
28;2021-01-21;5970;0;69350;65;2.1;0.0
28;2021-01-22;5437;1;74787;66;2.3;0.0
28;2021-01-23;2016;2;76803;68;2.3;0.0
28;2021-01-24;1443;9;78246;77;2.4;0.0
28;2021-01-25;6215;166;84461;243;2.6;0.0
28;2021-01-26;4569;491;89030;734;2.7;0.0
28;2021-01-27;4012;841;93042;1575;2.8;0.0
28;2021-01-28;3737;1030;96779;2605;2.9;0.1
28;2021-01-29;3483;1349;100262;3954;3.0;0.1
28;2021-01-30;1386;511;101648;4465;3.1;0.1
28;2021-01-31;195;123;101843;4588;3.1;0.1
28;2021-02-01;2778;1739;104621;6327;3.2;0.2
28;2021-02-02;2972;2564;107593;8891;3.3;0.3
28;2021-02-03;2941;3118;110534;12009;3.3;0.4
28;2021-02-04;3693;6237;114227;18246;3.5;0.6
28;2021-02-05;3861;4322;118088;22568;3.6;0.7
28;2021-02-06;1128;1475;119216;24043;3.6;0.7
28;2021-02-07;714;2604;119930;26647;3.6;0.8
28;2021-02-08;3782;7704;123712;34351;3.7;1.0
28;2021-02-09;3436;5708;127148;40059;3.8;1.2
28;2021-02-10;3402;4665;130550;44724;4.0;1.4
28;2021-02-11;4093;4792;134643;49516;4.1;1.5
28;2021-02-12;3942;4257;138585;53773;4.2;1.6
28;2021-02-13;1116;1585;139701;55358;4.2;1.7
28;2021-02-14;282;1307;139983;56665;4.2;1.7
28;2021-02-15;2163;6189;142146;62854;4.3;1.9
28;2021-02-16;2622;5148;144768;68002;4.4;2.1
28;2021-02-17;1915;4403;146683;72405;4.4;2.2
28;2021-02-18;2488;4025;149171;76430;4.5;2.3
28;2021-02-19;2468;3502;151639;79932;4.6;2.4
28;2021-02-20;908;1244;152547;81176;4.6;2.5
28;2021-02-21;100;299;152647;81475;4.6;2.5
28;2021-02-22;1654;3961;154301;85436;4.7;2.6
28;2021-02-23;2139;3662;156440;89098;4.7;2.7
28;2021-02-24;2328;3780;158768;92878;4.8;2.8
28;2021-02-25;4678;4213;163446;97091;4.9;2.9
28;2021-02-26;5707;3681;169153;100772;5.1;3.1
28;2021-02-27;2973;1059;172126;101831;5.2;3.1
28;2021-02-28;340;358;172466;102189;5.2;3.1
28;2021-03-01;2480;4766;174946;106955;5.3;3.2
28;2021-03-02;3826;3900;178772;110855;5.4;3.4
28;2021-03-03;4656;3078;183428;113933;5.6;3.4
28;2021-03-04;7040;2573;190468;116506;5.8;3.5
28;2021-03-05;9813;2225;200281;118731;6.1;3.6
28;2021-03-06;9717;668;209998;119399;6.4;3.6
28;2021-03-07;3744;110;213742;119509;6.5;3.6
28;2021-03-08;5756;3066;219498;122575;6.6;3.7
28;2021-03-09;9089;2660;228587;125235;6.9;3.8
28;2021-03-10;9480;2165;238067;127400;7.2;3.9
28;2021-03-11;13500;1790;251567;129190;7.6;3.9
28;2021-03-12;17202;1307;268769;130497;8.1;4.0
28;2021-03-13;10791;461;279560;130958;8.5;4.0
28;2021-03-14;2200;41;281760;130999;8.5;4.0
32;2020-12-28;26;0;26;0;0.0;0.0
32;2020-12-29;12;0;38;0;0.0;0.0
32;2021-01-01;1;0;39;0;0.0;0.0
32;2021-01-03;2;0;41;0;0.0;0.0
32;2021-01-04;81;0;122;0;0.0;0.0
32;2021-01-05;297;0;419;0;0.0;0.0
32;2021-01-06;785;0;1204;0;0.0;0.0
32;2021-01-07;2420;0;3624;0;0.1;0.0
32;2021-01-08;3126;0;6750;0;0.1;0.0
32;2021-01-09;955;0;7705;0;0.1;0.0
32;2021-01-10;633;0;8338;0;0.1;0.0
32;2021-01-11;3165;0;11503;0;0.2;0.0
32;2021-01-12;4813;0;16316;0;0.3;0.0
32;2021-01-13;4811;0;21127;0;0.4;0.0
32;2021-01-14;5541;0;26668;0;0.4;0.0
32;2021-01-15;5043;0;31711;0;0.5;0.0
32;2021-01-16;1631;39;33342;39;0.6;0.0
32;2021-01-17;855;0;34197;39;0.6;0.0
32;2021-01-18;7092;1;41289;40;0.7;0.0
32;2021-01-19;9771;31;51060;71;0.9;0.0
32;2021-01-20;10170;7;61230;78;1.0;0.0
32;2021-01-21;12408;6;73638;84;1.2;0.0
32;2021-01-22;9676;1;83314;85;1.4;0.0
32;2021-01-23;3354;0;86668;85;1.5;0.0
32;2021-01-24;1119;12;87787;97;1.5;0.0
32;2021-01-25;6737;122;94524;219;1.6;0.0
32;2021-01-26;7290;202;101814;421;1.7;0.0
32;2021-01-27;4797;536;106611;957;1.8;0.0
32;2021-01-28;8451;2151;115062;3108;1.9;0.1
32;2021-01-29;5280;2217;120342;5325;2.0;0.1
32;2021-01-30;533;454;120875;5779;2.0;0.1
32;2021-01-31;66;136;120941;5915;2.0;0.1
32;2021-02-01;189;2274;121130;8189;2.0;0.1
32;2021-02-02;775;3603;121905;11792;2.0;0.2
32;2021-02-03;4041;3223;125946;15015;2.1;0.3
32;2021-02-04;3668;3786;129614;18801;2.2;0.3
32;2021-02-05;1962;3542;131576;22343;2.2;0.4
32;2021-02-06;509;957;132085;23300;2.2;0.4
32;2021-02-07;533;194;132618;23494;2.2;0.4
32;2021-02-08;1852;3563;134470;27057;2.3;0.5
32;2021-02-09;2540;4523;137010;31580;2.3;0.5
32;2021-02-10;2930;5413;139940;36993;2.3;0.6
32;2021-02-11;4698;6688;144638;43681;2.4;0.7
32;2021-02-12;4973;4765;149611;48446;2.5;0.8
32;2021-02-13;927;1865;150538;50311;2.5;0.8
32;2021-02-14;115;1035;150653;51346;2.5;0.9
32;2021-02-15;3448;7181;154101;58527;2.6;1.0
32;2021-02-16;3989;8300;158090;66827;2.7;1.1
32;2021-02-17;4203;8578;162293;75405;2.7;1.3
32;2021-02-18;6736;12166;169029;87571;2.8;1.5
32;2021-02-19;6842;8103;175871;95674;2.9;1.6
32;2021-02-20;2480;2527;178351;98201;3.0;1.6
32;2021-02-21;431;347;178782;98548;3.0;1.7
32;2021-02-22;3162;5014;181944;103562;3.1;1.7
32;2021-02-23;5353;5540;187297;109102;3.1;1.8
32;2021-02-24;7245;6095;194542;115197;3.3;1.9
32;2021-02-25;12582;4429;207124;119626;3.5;2.0
32;2021-02-26;12307;2267;219431;121893;3.7;2.0
32;2021-02-27;6249;271;225680;122164;3.8;2.0
32;2021-02-28;302;111;225982;122275;3.8;2.1
32;2021-03-01;6970;373;232952;122648;3.9;2.1
32;2021-03-02;10692;551;243644;123199;4.1;2.1
32;2021-03-03;11733;845;255377;124044;4.3;2.1
32;2021-03-04;14449;1725;269826;125769;4.5;2.1
32;2021-03-05;16780;1405;286606;127174;4.8;2.1
32;2021-03-06;27368;565;313974;127739;5.3;2.1
32;2021-03-07;19581;105;333555;127844;5.6;2.1
32;2021-03-08;8764;2091;342319;129935;5.7;2.2
32;2021-03-09;13822;2700;356141;132635;6.0;2.2
32;2021-03-10;15139;2799;371280;135434;6.2;2.3
32;2021-03-11;20186;4155;391466;139589;6.6;2.3
32;2021-03-12;24885;3332;416351;142921;7.0;2.4
32;2021-03-13;39857;1211;456208;144132;7.7;2.4
32;2021-03-14;18889;113;475097;144245;8.0;2.4
44;2020-12-31;11;0;11;0;0.0;0.0
44;2021-01-02;2;0;13;0;0.0;0.0
44;2021-01-03;1;0;14;0;0.0;0.0
44;2021-01-04;239;0;253;0;0.0;0.0
44;2021-01-05;769;0;1022;0;0.0;0.0
44;2021-01-06;1241;0;2263;0;0.0;0.0
44;2021-01-07;2388;0;4651;0;0.1;0.0
44;2021-01-08;3057;0;7708;0;0.1;0.0
44;2021-01-09;924;0;8632;0;0.2;0.0
44;2021-01-10;223;0;8855;0;0.2;0.0
44;2021-01-11;2905;0;11760;0;0.2;0.0
44;2021-01-12;5120;0;16880;0;0.3;0.0
44;2021-01-13;7484;0;24364;0;0.4;0.0
44;2021-01-14;9278;0;33642;0;0.6;0.0
44;2021-01-15;6490;0;40132;0;0.7;0.0
44;2021-01-16;1882;70;42014;70;0.8;0.0
44;2021-01-17;902;0;42916;70;0.8;0.0
44;2021-01-18;8670;1;51586;71;0.9;0.0
44;2021-01-19;10548;1;62134;72;1.1;0.0
44;2021-01-20;10869;4;73003;76;1.3;0.0
44;2021-01-21;11638;7;84641;83;1.5;0.0
44;2021-01-22;9553;4;94194;87;1.7;0.0
44;2021-01-23;3280;15;97474;102;1.8;0.0
44;2021-01-24;1565;6;99039;108;1.8;0.0
44;2021-01-25;6520;293;105559;401;1.9;0.0
44;2021-01-26;5626;447;111185;848;2.0;0.0
44;2021-01-27;7340;653;118525;1501;2.2;0.0
44;2021-01-28;8771;1398;127296;2899;2.3;0.1
44;2021-01-29;6731;1939;134027;4838;2.4;0.1
44;2021-01-30;2535;634;136562;5472;2.5;0.1
44;2021-01-31;1243;139;137805;5611;2.5;0.1
44;2021-02-01;6297;2340;144102;7951;2.6;0.1
44;2021-02-02;6066;4335;150168;12286;2.7;0.2
44;2021-02-03;5488;5231;155656;17517;2.8;0.3
44;2021-02-04;6241;7871;161897;25388;2.9;0.5
44;2021-02-05;6245;5052;168142;30440;3.1;0.6
44;2021-02-06;1960;1306;170102;31746;3.1;0.6
44;2021-02-07;406;685;170508;32431;3.1;0.6
44;2021-02-08;3790;4645;174298;37076;3.2;0.7
44;2021-02-09;5577;5959;179875;43035;3.3;0.8
44;2021-02-10;6112;6140;185987;49175;3.4;0.9
44;2021-02-11;6937;6938;192924;56113;3.5;1.0
44;2021-02-12;7156;5204;200080;61317;3.6;1.1
44;2021-02-13;2509;1180;202589;62497;3.7;1.1
44;2021-02-14;1608;1088;204197;63585;3.7;1.2
44;2021-02-15;3861;6665;208058;70250;3.8;1.3
44;2021-02-16;4451;7352;212509;77602;3.9;1.4
44;2021-02-17;4570;8120;217079;85722;3.9;1.6
44;2021-02-18;5822;9290;222901;95012;4.0;1.7
44;2021-02-19;5256;7091;228157;102103;4.1;1.9
44;2021-02-20;2324;2954;230481;105057;4.2;1.9
44;2021-02-21;533;1380;231014;106437;4.2;1.9
44;2021-02-22;4296;7129;235310;113566;4.3;2.1
44;2021-02-23;5696;6758;241006;120324;4.4;2.2
44;2021-02-24;6345;5897;247351;126221;4.5;2.3
44;2021-02-25;10130;6810;257481;133031;4.7;2.4
44;2021-02-26;12040;5699;269521;138730;4.9;2.5
44;2021-02-27;7773;2141;277294;140871;5.0;2.6
44;2021-02-28;2084;458;279378;141329;5.1;2.6
44;2021-03-01;5870;4408;285248;145737;5.2;2.6
44;2021-03-02;9108;5267;294356;151004;5.3;2.7
44;2021-03-03;10960;5329;305316;156333;5.5;2.8
44;2021-03-04;12755;5599;318071;161932;5.8;2.9
44;2021-03-05;17365;4881;335436;166813;6.1;3.0
44;2021-03-06;19672;1690;355108;168503;6.4;3.1
44;2021-03-07;10196;514;365304;169017;6.6;3.1
44;2021-03-08;8874;4113;374178;173130;6.8;3.1
44;2021-03-09;14675;4315;388853;177445;7.1;3.2
44;2021-03-10;15988;4459;404841;181904;7.3;3.3
44;2021-03-11;19528;4996;424369;186900;7.7;3.4
44;2021-03-12;25540;4694;449909;191594;8.2;3.5
44;2021-03-13;22539;1911;472448;193505;8.6;3.5
44;2021-03-14;6505;709;478953;194214;8.7;3.5
52;2021-01-01;1;0;1;0;0.0;0.0
52;2021-01-02;1;0;2;0;0.0;0.0
52;2021-01-03;1;0;3;0;0.0;0.0
52;2021-01-04;34;0;37;0;0.0;0.0
52;2021-01-05;168;0;205;0;0.0;0.0
52;2021-01-06;378;0;583;0;0.0;0.0
52;2021-01-07;883;0;1466;0;0.0;0.0
52;2021-01-08;1656;0;3122;0;0.1;0.0
52;2021-01-09;1048;0;4170;0;0.1;0.0
52;2021-01-10;643;0;4813;0;0.1;0.0
52;2021-01-11;2192;0;7005;0;0.2;0.0
52;2021-01-12;3111;0;10116;0;0.3;0.0
52;2021-01-13;2915;0;13031;0;0.3;0.0
52;2021-01-14;3265;0;16296;0;0.4;0.0
52;2021-01-15;3003;0;19299;0;0.5;0.0
52;2021-01-16;892;22;20191;22;0.5;0.0
52;2021-01-17;498;0;20689;22;0.5;0.0
52;2021-01-18;3197;1;23886;23;0.6;0.0
52;2021-01-19;6511;1;30397;24;0.8;0.0
52;2021-01-20;8224;0;38621;24;1.0;0.0
52;2021-01-21;11991;0;50612;24;1.3;0.0
52;2021-01-22;7182;19;57794;43;1.5;0.0
52;2021-01-23;1676;2;59470;45;1.6;0.0
52;2021-01-24;174;0;59644;45;1.6;0.0
52;2021-01-25;2989;10;62633;55;1.6;0.0
52;2021-01-26;6697;187;69330;242;1.8;0.0
52;2021-01-27;7242;160;76572;402;2.0;0.0
52;2021-01-28;9649;539;86221;941;2.3;0.0
52;2021-01-29;5927;985;92148;1926;2.4;0.1
52;2021-01-30;1257;371;93405;2297;2.5;0.1
52;2021-01-31;79;313;93484;2610;2.5;0.1
52;2021-02-01;2505;1348;95989;3958;2.5;0.1
52;2021-02-02;2965;2263;98954;6221;2.6;0.2
52;2021-02-03;2683;2121;101637;8342;2.7;0.2
52;2021-02-04;2956;2242;104593;10584;2.8;0.3
52;2021-02-05;2957;2288;107550;12872;2.8;0.3
52;2021-02-06;1070;682;108620;13554;2.9;0.4
52;2021-02-07;150;290;108770;13844;2.9;0.4
52;2021-02-08;1919;2184;110689;16028;2.9;0.4
52;2021-02-09;3130;4104;113819;20132;3.0;0.5
52;2021-02-10;3294;5454;117113;25586;3.1;0.7
52;2021-02-11;5936;10501;123049;36087;3.2;0.9
52;2021-02-12;4662;4919;127711;41006;3.4;1.1
52;2021-02-13;1148;1127;128859;42133;3.4;1.1
52;2021-02-14;20;304;128879;42437;3.4;1.1
52;2021-02-15;1955;3150;130834;45587;3.4;1.2
52;2021-02-16;4060;6650;134894;52237;3.5;1.4
52;2021-02-17;3790;7132;138684;59369;3.6;1.6
52;2021-02-18;6088;9578;144772;68947;3.8;1.8
52;2021-02-19;5236;5734;150008;74681;3.9;2.0
52;2021-02-20;1005;1221;151013;75902;4.0;2.0
52;2021-02-21;6;68;151019;75970;4.0;2.0
52;2021-02-22;2559;2952;153578;78922;4.0;2.1
52;2021-02-23;3322;3343;156900;82265;4.1;2.2
52;2021-02-24;3197;2747;160097;85012;4.2;2.2
52;2021-02-25;6245;2971;166342;87983;4.4;2.3
52;2021-02-26;6117;2736;172459;90719;4.5;2.4
52;2021-02-27;2188;999;174647;91718;4.6;2.4
52;2021-02-28;72;42;174719;91760;4.6;2.4
52;2021-03-01;3042;2261;177761;94021;4.7;2.5
52;2021-03-02;4670;3287;182431;97308;4.8;2.6
52;2021-03-03;5208;3199;187639;100507;4.9;2.6
52;2021-03-04;7564;4966;195203;105473;5.1;2.8
52;2021-03-05;8830;3916;204033;109389;5.4;2.9
52;2021-03-06;5568;967;209601;110356;5.5;2.9
52;2021-03-07;2643;6;212244;110362;5.6;2.9
52;2021-03-08;5695;2092;217939;112454;5.7;3.0
52;2021-03-09;9228;3018;227167;115472;6.0;3.0
52;2021-03-10;9059;3037;236226;118509;6.2;3.1
52;2021-03-11;13154;4576;249380;123085;6.6;3.2
52;2021-03-12;14926;3243;264306;126328;7.0;3.3
52;2021-03-13;7976;680;272282;127008;7.2;3.3
52;2021-03-14;583;6;272865;127014;7.2;3.3
53;2021-01-01;2;0;2;0;0.0;0.0
53;2021-01-02;3;0;5;0;0.0;0.0
53;2021-01-04;43;0;48;0;0.0;0.0
53;2021-01-05;200;0;248;0;0.0;0.0
53;2021-01-06;327;0;575;0;0.0;0.0
53;2021-01-07;834;0;1409;0;0.0;0.0
53;2021-01-08;1208;0;2617;0;0.1;0.0
53;2021-01-09;33;0;2650;0;0.1;0.0
53;2021-01-10;4;0;2654;0;0.1;0.0
53;2021-01-11;1659;0;4313;0;0.1;0.0
53;2021-01-12;3266;0;7579;0;0.2;0.0
53;2021-01-13;3246;0;10825;0;0.3;0.0
53;2021-01-14;3722;0;14547;0;0.4;0.0
53;2021-01-15;3253;0;17800;0;0.5;0.0
53;2021-01-16;682;29;18482;29;0.6;0.0
53;2021-01-17;180;1;18662;30;0.6;0.0
53;2021-01-18;3305;0;21967;30;0.7;0.0
53;2021-01-19;8091;0;30058;30;0.9;0.0
53;2021-01-20;6930;0;36988;30;1.1;0.0
53;2021-01-21;11213;1;48201;31;1.4;0.0
53;2021-01-22;7627;0;55828;31;1.7;0.0
53;2021-01-23;1490;0;57318;31;1.7;0.0
53;2021-01-24;253;0;57571;31;1.7;0.0
53;2021-01-25;3051;56;60622;87;1.8;0.0
53;2021-01-26;4083;265;64705;352;1.9;0.0
53;2021-01-27;7181;317;71886;669;2.2;0.0
53;2021-01-28;6969;632;78855;1301;2.4;0.0
53;2021-01-29;4196;722;83051;2023;2.5;0.1
53;2021-01-30;844;36;83895;2059;2.5;0.1
53;2021-01-31;78;3;83973;2062;2.5;0.1
53;2021-02-01;2205;1141;86178;3203;2.6;0.1
53;2021-02-02;3422;2360;89600;5563;2.7;0.2
53;2021-02-03;3161;2217;92761;7780;2.8;0.2
53;2021-02-04;6933;2353;99694;10133;3.0;0.3
53;2021-02-05;5402;2098;105096;12231;3.1;0.4
53;2021-02-06;1193;275;106289;12506;3.2;0.4
53;2021-02-07;213;120;106502;12626;3.2;0.4
53;2021-02-08;1638;1551;108140;14177;3.2;0.4
53;2021-02-09;3898;6051;112038;20228;3.4;0.6
53;2021-02-10;3770;5426;115808;25654;3.5;0.8
53;2021-02-11;5615;9519;121423;35173;3.6;1.1
53;2021-02-12;5577;5201;127000;40374;3.8;1.2
53;2021-02-13;1226;548;128226;40922;3.8;1.2
53;2021-02-14;25;120;128251;41042;3.8;1.2
53;2021-02-15;2282;2993;130533;44035;3.9;1.3
53;2021-02-16;3930;3049;134463;47084;4.0;1.4
53;2021-02-17;3981;5611;138444;52695;4.1;1.6
53;2021-02-18;5796;6090;144240;58785;4.3;1.8
53;2021-02-19;5124;4424;149364;63209;4.5;1.9
53;2021-02-20;1176;812;150540;64021;4.5;1.9
53;2021-02-21;162;100;150702;64121;4.5;1.9
53;2021-02-22;2308;2610;153010;66731;4.6;2.0
53;2021-02-23;3876;3446;156886;70177;4.7;2.1
53;2021-02-24;4338;3650;161224;73827;4.8;2.2
53;2021-02-25;7749;7301;168973;81128;5.1;2.4
53;2021-02-26;8570;4246;177543;85374;5.3;2.6
53;2021-02-27;3400;1096;180943;86470;5.4;2.6
53;2021-02-28;227;175;181170;86645;5.4;2.6
53;2021-03-01;3391;2089;184561;88734;5.5;2.7
53;2021-03-02;5556;4615;190117;93349;5.7;2.8
53;2021-03-03;6339;3505;196456;96854;5.9;2.9
53;2021-03-04;9021;5163;205477;102017;6.2;3.1
53;2021-03-05;11697;5158;217174;107175;6.5;3.2
53;2021-03-06;5528;815;222702;107990;6.7;3.2
53;2021-03-07;906;79;223608;108069;6.7;3.2
53;2021-03-08;5084;1748;228692;109817;6.8;3.3
53;2021-03-09;9407;2536;238099;112353;7.1;3.4
53;2021-03-10;9107;3191;247206;115544;7.4;3.5
53;2021-03-11;13914;3796;261120;119340;7.8;3.6
53;2021-03-12;18045;2843;279165;122183;8.4;3.7
53;2021-03-13;8412;784;287577;122967;8.6;3.7
53;2021-03-14;725;3;288302;122970;8.6;3.7
75;2020-12-28;1;0;1;0;0.0;0.0
75;2020-12-29;2;0;3;0;0.0;0.0
75;2020-12-30;1;0;4;0;0.0;0.0
75;2021-01-02;1;0;5;0;0.0;0.0
75;2021-01-04;89;0;94;0;0.0;0.0
75;2021-01-05;124;0;218;0;0.0;0.0
75;2021-01-06;735;0;953;0;0.0;0.0
75;2021-01-07;4900;0;5853;0;0.1;0.0
75;2021-01-08;5294;0;11147;0;0.2;0.0
75;2021-01-09;836;0;11983;0;0.2;0.0
75;2021-01-10;478;0;12461;0;0.2;0.0
75;2021-01-11;3551;0;16012;0;0.3;0.0
75;2021-01-12;5924;0;21936;0;0.4;0.0
75;2021-01-13;6518;0;28454;0;0.5;0.0
75;2021-01-14;8011;0;36465;0;0.6;0.0
75;2021-01-15;7504;0;43969;0;0.7;0.0
75;2021-01-16;1512;60;45481;60;0.8;0.0
75;2021-01-17;420;1;45901;61;0.8;0.0
75;2021-01-18;6859;1;52760;62;0.9;0.0
75;2021-01-19;13998;0;66758;62;1.1;0.0
75;2021-01-20;15386;0;82144;62;1.4;0.0
75;2021-01-21;16804;2;98948;64;1.6;0.0
75;2021-01-22;12878;4;111826;68;1.9;0.0
75;2021-01-23;4417;1;116243;69;1.9;0.0
75;2021-01-24;697;1;116940;70;1.9;0.0
75;2021-01-25;8848;224;125788;294;2.1;0.0
75;2021-01-26;11544;588;137332;882;2.3;0.0
75;2021-01-27;12185;853;149517;1735;2.5;0.0
75;2021-01-28;12872;3075;162389;4810;2.7;0.1
75;2021-01-29;9966;2966;172355;7776;2.9;0.1
75;2021-01-30;3375;479;175730;8255;2.9;0.1
75;2021-01-31;644;396;176374;8651;2.9;0.1
75;2021-02-01;5747;2813;182121;11464;3.0;0.2
75;2021-02-02;9512;4854;191633;16318;3.2;0.3
75;2021-02-03;9567;4395;201200;20713;3.4;0.3
75;2021-02-04;10673;6124;211873;26837;3.5;0.4
75;2021-02-05;7453;5458;219326;32295;3.7;0.5
75;2021-02-06;2365;879;221691;33174;3.7;0.6
75;2021-02-07;670;222;222361;33396;3.7;0.6
75;2021-02-08;5112;3871;227473;37267;3.8;0.6
75;2021-02-09;7273;9339;234746;46606;3.9;0.8
75;2021-02-10;7547;9354;242293;55960;4.0;0.9
75;2021-02-11;8724;11698;251017;67658;4.2;1.1
75;2021-02-12;7367;8154;258384;75812;4.3;1.3
75;2021-02-13;1926;1665;260310;77477;4.3;1.3
75;2021-02-14;272;308;260582;77785;4.3;1.3
75;2021-02-15;3201;7183;263783;84968;4.4;1.4
75;2021-02-16;4577;10261;268360;95229;4.5;1.6
75;2021-02-17;4583;11347;272943;106576;4.5;1.8
75;2021-02-18;5215;13008;278158;119584;4.6;2.0
75;2021-02-19;5304;9180;283462;128764;4.7;2.1
75;2021-02-20;977;2604;284439;131368;4.7;2.2
75;2021-02-21;180;558;284619;131926;4.7;2.2
75;2021-02-22;3560;7688;288179;139614;4.8;2.3
75;2021-02-23;5131;10654;293310;150268;4.9;2.5
75;2021-02-24;5890;10217;299200;160485;5.0;2.7
75;2021-02-25;9609;11520;308809;172005;5.1;2.9
75;2021-02-26;11808;8070;320617;180075;5.3;3.0
75;2021-02-27;5715;2395;326332;182470;5.4;3.0
75;2021-02-28;306;567;326638;183037;5.4;3.1
75;2021-03-01;4859;6498;331497;189535;5.5;3.2
75;2021-03-02;9057;7830;340554;197365;5.7;3.3
75;2021-03-03;10549;7596;351103;204961;5.9;3.4
75;2021-03-04;16047;8123;367150;213084;6.1;3.6
75;2021-03-05;20310;6737;387460;219821;6.5;3.7
75;2021-03-06;13189;1936;400649;221757;6.7;3.7
75;2021-03-07;3619;258;404268;222015;6.7;3.7
75;2021-03-08;9836;5120;414104;227135;6.9;3.8
75;2021-03-09;16442;6301;430546;233436;7.2;3.9
75;2021-03-10;17607;5986;448153;239422;7.5;4.0
75;2021-03-11;25581;6100;473734;245522;7.9;4.1
75;2021-03-12;30256;4809;503990;250331;8.4;4.2
75;2021-03-13;16863;1063;520853;251394;8.7;4.2
75;2021-03-14;1649;174;522502;251568;8.7;4.2
76;2020-12-31;1;0;1;0;0.0;0.0
76;2021-01-01;3;0;4;0;0.0;0.0
76;2021-01-02;2;0;6;0;0.0;0.0
76;2021-01-03;1;0;7;0;0.0;0.0
76;2021-01-04;58;0;65;0;0.0;0.0
76;2021-01-05;471;0;536;0;0.0;0.0
76;2021-01-06;777;0;1313;0;0.0;0.0
76;2021-01-07;2523;0;3836;0;0.1;0.0
76;2021-01-08;3164;0;7000;0;0.1;0.0
76;2021-01-09;1523;0;8523;0;0.1;0.0
76;2021-01-10;515;0;9038;0;0.2;0.0
76;2021-01-11;3466;0;12504;0;0.2;0.0
76;2021-01-12;5539;0;18043;0;0.3;0.0
76;2021-01-13;6309;0;24352;0;0.4;0.0
76;2021-01-14;8864;0;33216;0;0.6;0.0
76;2021-01-15;7113;0;40329;0;0.7;0.0
76;2021-01-16;1944;78;42273;78;0.7;0.0
76;2021-01-17;704;0;42977;78;0.7;0.0
76;2021-01-18;7574;2;50551;80;0.9;0.0
76;2021-01-19;11076;1;61627;81;1.0;0.0
76;2021-01-20;13479;1;75106;82;1.3;0.0
76;2021-01-21;16431;0;91537;82;1.5;0.0
76;2021-01-22;11638;4;103175;86;1.7;0.0
76;2021-01-23;3869;4;107044;90;1.8;0.0
76;2021-01-24;761;9;107805;99;1.8;0.0
76;2021-01-25;7759;76;115564;175;2.0;0.0
76;2021-01-26;10229;279;125793;454;2.1;0.0
76;2021-01-27;10680;548;136473;1002;2.3;0.0
76;2021-01-28;10024;1975;146497;2977;2.5;0.1
76;2021-01-29;7920;2237;154417;5214;2.6;0.1
76;2021-01-30;3177;705;157594;5919;2.7;0.1
76;2021-01-31;515;251;158109;6170;2.7;0.1
76;2021-02-01;5761;2637;163870;8807;2.8;0.1
76;2021-02-02;9943;4263;173813;13070;2.9;0.2
76;2021-02-03;9420;4414;183233;17484;3.1;0.3
76;2021-02-04;9957;6442;193190;23926;3.3;0.4
76;2021-02-05;7669;5053;200859;28979;3.4;0.5
76;2021-02-06;2674;948;203533;29927;3.4;0.5
76;2021-02-07;541;364;204074;30291;3.4;0.5
76;2021-02-08;4778;4289;208852;34580;3.5;0.6
76;2021-02-09;6183;7201;215035;41781;3.6;0.7
76;2021-02-10;7012;9732;222047;51513;3.7;0.9
76;2021-02-11;8913;11821;230960;63334;3.9;1.1
76;2021-02-12;7857;7546;238817;70880;4.0;1.2
76;2021-02-13;2633;2167;241450;73047;4.1;1.2
76;2021-02-14;347;771;241797;73818;4.1;1.2
76;2021-02-15;3269;5963;245066;79781;4.1;1.3
76;2021-02-16;4105;8533;249171;88314;4.2;1.5
76;2021-02-17;4246;9714;253417;98028;4.3;1.7
76;2021-02-18;5741;9636;259158;107664;4.4;1.8
76;2021-02-19;4739;7870;263897;115534;4.5;1.9
76;2021-02-20;1520;2869;265417;118403;4.5;2.0
76;2021-02-21;256;528;265673;118931;4.5;2.0
76;2021-02-22;3215;7263;268888;126194;4.5;2.1
76;2021-02-23;4770;10545;273658;136739;4.6;2.3
76;2021-02-24;4472;10417;278130;147156;4.7;2.5
76;2021-02-25;8013;9790;286143;156946;4.8;2.6
76;2021-02-26;9310;7973;295453;164919;5.0;2.8
76;2021-02-27;3585;2933;299038;167852;5.0;2.8
76;2021-02-28;421;333;299459;168185;5.1;2.8
76;2021-03-01;5104;5980;304563;174165;5.1;2.9
76;2021-03-02;8011;7191;312574;181356;5.3;3.1
76;2021-03-03;8947;7109;321521;188465;5.4;3.2
76;2021-03-04;13666;7997;335187;196462;5.7;3.3
76;2021-03-05;16436;6656;351623;203118;5.9;3.4
76;2021-03-06;15525;1922;367148;205040;6.2;3.5
76;2021-03-07;11114;218;378262;205258;6.4;3.5
76;2021-03-08;9706;5152;387968;210410;6.5;3.6
76;2021-03-09;15779;5921;403747;216331;6.8;3.7
76;2021-03-10;16040;5961;419787;222292;7.1;3.8
76;2021-03-11;21964;5934;441751;228226;7.5;3.9
76;2021-03-12;25530;4662;467281;232888;7.9;3.9
76;2021-03-13;13904;1938;481185;234826;8.1;4.0
76;2021-03-14;2191;210;483376;235036;8.2;4.0
84;2020-12-28;6;0;6;0;0.0;0.0
84;2020-12-29;5;0;11;0;0.0;0.0
84;2020-12-30;5;0;16;0;0.0;0.0
84;2020-12-31;12;0;28;0;0.0;0.0
84;2021-01-01;7;0;35;0;0.0;0.0
84;2021-01-02;1;0;36;0;0.0;0.0
84;2021-01-04;173;0;209;0;0.0;0.0
84;2021-01-05;451;0;660;0;0.0;0.0
84;2021-01-06;1125;0;1785;0;0.0;0.0
84;2021-01-07;2776;0;4561;0;0.1;0.0
84;2021-01-08;3027;0;7588;0;0.1;0.0
84;2021-01-09;505;0;8093;0;0.1;0.0
84;2021-01-10;159;0;8252;0;0.1;0.0
84;2021-01-11;4139;0;12391;0;0.2;0.0
84;2021-01-12;6204;0;18595;0;0.2;0.0
84;2021-01-13;6728;0;25323;0;0.3;0.0
84;2021-01-14;8855;0;34178;0;0.4;0.0
84;2021-01-15;7601;0;41779;0;0.5;0.0
84;2021-01-16;2934;39;44713;39;0.6;0.0
84;2021-01-17;917;0;45630;39;0.6;0.0
84;2021-01-18;8795;7;54425;46;0.7;0.0
84;2021-01-19;14799;7;69224;53;0.9;0.0
84;2021-01-20;15257;6;84481;59;1.1;0.0
84;2021-01-21;14329;7;98810;66;1.2;0.0
84;2021-01-22;12283;5;111093;71;1.4;0.0
84;2021-01-23;4735;0;115828;71;1.4;0.0
84;2021-01-24;808;0;116636;71;1.5;0.0
84;2021-01-25;8718;152;125354;223;1.6;0.0
84;2021-01-26;11778;357;137132;580;1.7;0.0
84;2021-01-27;11951;684;149083;1264;1.9;0.0
84;2021-01-28;13488;1822;162571;3086;2.0;0.0
84;2021-01-29;10687;1463;173258;4549;2.2;0.1
84;2021-01-30;4125;300;177383;4849;2.2;0.1
84;2021-01-31;498;1;177881;4850;2.2;0.1
84;2021-02-01;6494;2033;184375;6883;2.3;0.1
84;2021-02-02;10442;3778;194817;10661;2.4;0.1
84;2021-02-03;11282;4267;206099;14928;2.6;0.2
84;2021-02-04;12210;6088;218309;21016;2.7;0.3
84;2021-02-05;8479;4878;226788;25894;2.8;0.3
84;2021-02-06;2625;1042;229413;26936;2.9;0.3
84;2021-02-07;451;429;229864;27365;2.9;0.3
84;2021-02-08;6164;4810;236028;32175;2.9;0.4
84;2021-02-09;9233;9141;245261;41316;3.1;0.5
84;2021-02-10;9427;9443;254688;50759;3.2;0.6
84;2021-02-11;10469;10420;265157;61179;3.3;0.8
84;2021-02-12;9439;8094;274596;69273;3.4;0.9
84;2021-02-13;3459;2226;278055;71499;3.5;0.9
84;2021-02-14;611;363;278666;71862;3.5;0.9
84;2021-02-15;4705;8563;283371;80425;3.5;1.0
84;2021-02-16;5899;10695;289270;91120;3.6;1.1
84;2021-02-17;5807;11621;295077;102741;3.7;1.3
84;2021-02-18;6668;12018;301745;114759;3.8;1.4
84;2021-02-19;6421;8970;308166;123729;3.8;1.5
84;2021-02-20;1694;3286;309860;127015;3.9;1.6
84;2021-02-21;175;457;310035;127472;3.9;1.6
84;2021-02-22;4160;8730;314195;136202;3.9;1.7
84;2021-02-23;6854;11774;321049;147976;4.0;1.8
84;2021-02-24;7163;12193;328212;160169;4.1;2.0
84;2021-02-25;11958;13592;340170;173761;4.2;2.2
84;2021-02-26;14123;8930;354293;182691;4.4;2.3
84;2021-02-27;5395;2867;359688;185558;4.5;2.3
84;2021-02-28;447;255;360135;185813;4.5;2.3
84;2021-03-01;8725;6192;368860;192005;4.6;2.4
84;2021-03-02;14354;8073;383214;200078;4.8;2.5
84;2021-03-03;14396;7734;397610;207812;5.0;2.6
84;2021-03-04;20030;7657;417640;215469;5.2;2.7
84;2021-03-05;25102;6390;442742;221859;5.5;2.8
84;2021-03-06;18849;2054;461591;223913;5.7;2.8
84;2021-03-07;8176;119;469767;224032;5.8;2.8
84;2021-03-08;11839;5935;481606;229967;6.0;2.9
84;2021-03-09;19955;6427;501561;236394;6.2;2.9
84;2021-03-10;19414;6137;520975;242531;6.5;3.0
84;2021-03-11;27898;6368;548873;248899;6.8;3.1
84;2021-03-12;34303;5792;583176;254691;7.3;3.2
84;2021-03-13;20050;1348;603226;256039;7.5;3.2
84;2021-03-14;4462;248;607688;256287;7.6;3.2
93;2020-12-30;3;0;3;0;0.0;0.0
93;2020-12-31;19;0;22;0;0.0;0.0
93;2021-01-01;9;0;31;0;0.0;0.0
93;2021-01-02;2;0;33;0;0.0;0.0
93;2021-01-03;1;0;34;0;0.0;0.0
93;2021-01-04;132;0;166;0;0.0;0.0
93;2021-01-05;239;0;405;0;0.0;0.0
93;2021-01-06;403;0;808;0;0.0;0.0
93;2021-01-07;1234;0;2042;0;0.0;0.0
93;2021-01-08;1558;0;3600;0;0.1;0.0
93;2021-01-09;536;0;4136;0;0.1;0.0
93;2021-01-10;72;0;4208;0;0.1;0.0
93;2021-01-11;2329;0;6537;0;0.1;0.0
93;2021-01-12;4961;0;11498;0;0.2;0.0
93;2021-01-13;4314;0;15812;0;0.3;0.0
93;2021-01-14;5388;0;21200;0;0.4;0.0
93;2021-01-15;4849;0;26049;0;0.5;0.0
93;2021-01-16;1659;34;27708;34;0.5;0.0
93;2021-01-17;297;1;28005;35;0.6;0.0
93;2021-01-18;6863;3;34868;38;0.7;0.0
93;2021-01-19;13172;1;48040;39;1.0;0.0
93;2021-01-20;11915;3;59955;42;1.2;0.0
93;2021-01-21;12056;11;72011;53;1.4;0.0
93;2021-01-22;9815;1;81826;54;1.6;0.0
93;2021-01-23;3257;0;85083;54;1.7;0.0
93;2021-01-24;513;0;85596;54;1.7;0.0
93;2021-01-25;7110;64;92706;118;1.8;0.0
93;2021-01-26;9563;143;102269;261;2.0;0.0
93;2021-01-27;9248;343;111517;604;2.2;0.0
93;2021-01-28;13338;942;124855;1546;2.5;0.0
93;2021-01-29;9549;1076;134404;2622;2.7;0.1
93;2021-01-30;2205;116;136609;2738;2.7;0.1
93;2021-01-31;297;0;136906;2738;2.7;0.1
93;2021-02-01;5029;1642;141935;4380;2.8;0.1
93;2021-02-02;6131;2364;148066;6744;2.9;0.1
93;2021-02-03;4972;2040;153038;8784;3.0;0.2
93;2021-02-04;5425;3928;158463;12712;3.1;0.3
93;2021-02-05;5934;4936;164397;17648;3.3;0.3
93;2021-02-06;1225;1110;165622;18758;3.3;0.4
93;2021-02-07;276;18;165898;18776;3.3;0.4
93;2021-02-08;4266;4003;170164;22779;3.4;0.5
93;2021-02-09;5789;8117;175953;30896;3.5;0.6
93;2021-02-10;5731;6692;181684;37588;3.6;0.7
93;2021-02-11;6471;7126;188155;44714;3.7;0.9
93;2021-02-12;5549;6541;193704;51255;3.8;1.0
93;2021-02-13;1082;1638;194786;52893;3.9;1.0
93;2021-02-14;68;241;194854;53134;3.9;1.1
93;2021-02-15;2293;5730;197147;58864;3.9;1.2
93;2021-02-16;3031;7858;200178;66722;4.0;1.3
93;2021-02-17;3507;9172;203685;75894;4.0;1.5
93;2021-02-18;5471;12693;209156;88587;4.1;1.8
93;2021-02-19;5305;8585;214461;97172;4.2;1.9
93;2021-02-20;782;1975;215243;99147;4.3;2.0
93;2021-02-21;69;321;215312;99468;4.3;2.0
93;2021-02-22;2703;6087;218015;105555;4.3;2.1
93;2021-02-23;3332;6265;221347;111820;4.4;2.2
93;2021-02-24;4254;6249;225601;118069;4.5;2.3
93;2021-02-25;7550;6097;233151;124166;4.6;2.5
93;2021-02-26;7758;5390;240909;129556;4.8;2.6
93;2021-02-27;2768;1244;243677;130800;4.8;2.6
93;2021-02-28;299;207;243976;131007;4.8;2.6
93;2021-03-01;4931;4280;248907;135287;4.9;2.7
93;2021-03-02;6627;5644;255534;140931;5.1;2.8
93;2021-03-03;8078;6080;263612;147011;5.2;2.9
93;2021-03-04;10440;6719;274052;153730;5.4;3.0
93;2021-03-05;11242;5401;285294;159131;5.6;3.1
93;2021-03-06;18809;1001;304103;160132;6.0;3.2
93;2021-03-07;13768;121;317871;160253;6.3;3.2
93;2021-03-08;8500;3994;326371;164247;6.5;3.2
93;2021-03-09;12253;4593;338624;168840;6.7;3.3
93;2021-03-10;12843;4561;351467;173401;7.0;3.4
93;2021-03-11;17902;5369;369369;178770;7.3;3.5
93;2021-03-12;19619;4143;388988;182913;7.7;3.6
93;2021-03-13;19583;867;408571;183780;8.1;3.6
93;2021-03-14;6037;34;414608;183814;8.2;3.6
94;2021-01-04;2;0;2;0;0.0;0.0
94;2021-01-06;53;0;55;0;0.0;0.0
94;2021-01-07;330;0;385;0;0.1;0.0
94;2021-01-08;309;0;694;0;0.2;0.0
94;2021-01-09;76;0;770;0;0.2;0.0
94;2021-01-10;34;0;804;0;0.2;0.0
94;2021-01-11;151;0;955;0;0.3;0.0
94;2021-01-12;206;0;1161;0;0.3;0.0
94;2021-01-13;203;0;1364;0;0.4;0.0
94;2021-01-14;263;0;1627;0;0.5;0.0
94;2021-01-15;380;0;2007;0;0.6;0.0
94;2021-01-16;197;2;2204;2;0.6;0.0
94;2021-01-17;89;0;2293;2;0.7;0.0
94;2021-01-18;470;0;2763;2;0.8;0.0
94;2021-01-19;980;0;3743;2;1.1;0.0
94;2021-01-20;804;0;4547;2;1.3;0.0
94;2021-01-21;806;0;5353;2;1.6;0.0
94;2021-01-22;704;0;6057;2;1.8;0.0
94;2021-01-23;243;1;6300;3;1.8;0.0
94;2021-01-24;146;0;6446;3;1.9;0.0
94;2021-01-25;422;1;6868;4;2.0;0.0
94;2021-01-26;788;5;7656;9;2.2;0.0
94;2021-01-27;663;56;8319;65;2.4;0.0
94;2021-01-28;702;241;9021;306;2.6;0.1
94;2021-01-29;608;248;9629;554;2.8;0.2
94;2021-01-30;204;75;9833;629;2.9;0.2
94;2021-01-31;149;7;9982;636;2.9;0.2
94;2021-02-01;454;170;10436;806;3.0;0.2
94;2021-02-02;642;167;11078;973;3.2;0.3
94;2021-02-03;780;166;11858;1139;3.4;0.3
94;2021-02-04;713;304;12571;1443;3.6;0.4
94;2021-02-05;656;238;13227;1681;3.8;0.5
94;2021-02-06;206;81;13433;1762;3.9;0.5
94;2021-02-07;126;50;13559;1812;3.9;0.5
94;2021-02-08;321;369;13880;2181;4.0;0.6
94;2021-02-09;712;621;14592;2802;4.2;0.8
94;2021-02-10;642;398;15234;3200;4.4;0.9
94;2021-02-11;679;447;15913;3647;4.6;1.1
94;2021-02-12;641;400;16554;4047;4.8;1.2
94;2021-02-13;293;74;16847;4121;4.9;1.2
94;2021-02-14;193;74;17040;4195;4.9;1.2
94;2021-02-15;376;278;17416;4473;5.1;1.3
94;2021-02-16;634;601;18050;5074;5.2;1.5
94;2021-02-17;584;451;18634;5525;5.4;1.6
94;2021-02-18;544;542;19178;6067;5.6;1.8
94;2021-02-19;301;592;19479;6659;5.7;1.9
94;2021-02-20;275;192;19754;6851;5.7;2.0
94;2021-02-21;57;84;19811;6935;5.7;2.0
94;2021-02-22;211;396;20022;7331;5.8;2.1
94;2021-02-23;350;642;20372;7973;5.9;2.3
94;2021-02-24;294;595;20666;8568;6.0;2.5
94;2021-02-25;347;606;21013;9174;6.1;2.7
94;2021-02-26;413;550;21426;9724;6.2;2.8
94;2021-02-27;367;151;21793;9875;6.3;2.9
94;2021-02-28;68;123;21861;9998;6.3;2.9
94;2021-03-01;346;423;22207;10421;6.4;3.0
94;2021-03-02;543;648;22750;11069;6.6;3.2
94;2021-03-03;518;683;23268;11752;6.8;3.4
94;2021-03-04;938;641;24206;12393;7.0;3.6
94;2021-03-05;1549;608;25755;13001;7.5;3.8
94;2021-03-06;1793;150;27548;13151;8.0;3.8
94;2021-03-07;1349;96;28897;13247;8.4;3.8
94;2021-03-08;1217;316;30114;13563;8.7;3.9
94;2021-03-09;1253;644;31367;14207;9.1;4.1
94;2021-03-10;1213;566;32580;14773;9.5;4.3
94;2021-03-11;1278;614;33858;15387;9.8;4.5
94;2021-03-12;1438;511;35296;15898;10.2;4.6
94;2021-03-13;907;296;36203;16194;10.5;4.7
94;2021-03-14;464;182;36667;16376;10.6;4.8
