fra;vaccin;jour;n_dose1;n_dose2;n_cum_dose1;n_cum_dose2
FR;1;2020-12-27;17;0;17;0
FR;1;2020-12-28;59;0;76;0
FR;1;2020-12-29;107;0;183;0
FR;1;2020-12-30;115;0;298;0
FR;1;2020-12-31;83;0;381;0
FR;1;2021-01-01;55;0;436;0
FR;1;2021-01-02;71;0;507;0
FR;1;2021-01-03;87;0;594;0
FR;1;2021-01-04;1461;0;2055;0
FR;1;2021-01-05;5343;0;7398;0
FR;1;2021-01-06;11243;0;18641;0
FR;1;2021-01-07;28442;0;47083;0
FR;1;2021-01-08;35870;0;82953;0
FR;1;2021-01-09;10862;0;93815;0
FR;1;2021-01-10;5599;0;99414;0
FR;1;2021-01-11;38695;0;138109;0
FR;1;2021-01-12;60189;0;198298;0
FR;1;2021-01-13;63219;0;261517;0
FR;1;2021-01-14;79190;0;340707;0
FR;1;2021-01-15;66587;0;407294;0
FR;1;2021-01-16;19375;655;426669;655
FR;1;2021-01-17;10430;40;437099;695
FR;1;2021-01-18;81109;187;518208;882
FR;1;2021-01-19;123198;227;641406;1109
FR;1;2021-01-20;129445;154;770851;1263
FR;1;2021-01-21;149258;155;920109;1418
FR;1;2021-01-22;112968;222;1033077;1640
FR;1;2021-01-23;35981;83;1069058;1723
FR;1;2021-01-24;9233;103;1078291;1826
FR;1;2021-01-25;72885;1496;1151176;3322
FR;1;2021-01-26;94498;3919;1245674;7241
FR;1;2021-01-27;101889;6793;1347563;14034
FR;1;2021-01-28;118226;17451;1465789;31485
FR;1;2021-01-29;87489;19606;1553278;51091
FR;1;2021-01-30;27533;4658;1580811;55749
FR;1;2021-01-31;4855;1906;1585666;57655
FR;1;2021-02-01;48077;24096;1633743;81751
FR;1;2021-02-02;65889;40567;1699632;122318
FR;1;2021-02-03;65581;41805;1765213;164123
FR;1;2021-02-04;75353;58453;1840566;222576
FR;1;2021-02-05;62155;49385;1902721;271961
FR;1;2021-02-06;19015;11348;1921736;283309
FR;1;2021-02-07;3426;6443;1925162;289752
FR;1;2021-02-08;35677;49930;1960839;339682
FR;1;2021-02-09;49670;82046;2010509;421728
FR;1;2021-02-10;50623;86909;2061132;508637
FR;1;2021-02-11;61712;109486;2122844;618123
FR;1;2021-02-12;54523;75213;2177367;693336
FR;1;2021-02-13;15085;18442;2192452;711778
FR;1;2021-02-14;3398;6746;2195850;718524
FR;1;2021-02-15;23460;71788;2219310;790312
FR;1;2021-02-16;31911;92149;2251221;882461
FR;1;2021-02-17;34239;103109;2285460;985570
FR;1;2021-02-18;47791;119981;2333251;1105551
FR;1;2021-02-19;44203;86256;2377454;1191807
FR;1;2021-02-20;12992;26119;2390446;1217926
FR;1;2021-02-21;2108;5292;2392554;1223218
FR;1;2021-02-22;23926;66860;2416480;1290078
FR;1;2021-02-23;36421;79795;2452901;1369873
FR;1;2021-02-24;39206;78871;2492107;1448744
FR;1;2021-02-25;48523;84946;2540630;1533690
FR;1;2021-02-26;45856;65751;2586486;1599441
FR;1;2021-02-27;15150;20971;2601636;1620412
FR;1;2021-02-28;3224;3567;2604860;1623979
FR;1;2021-03-01;38543;48604;2643403;1672583
FR;1;2021-03-02;54389;61529;2697792;1734112
FR;1;2021-03-03;59179;59180;2756971;1793292
FR;1;2021-03-04;70493;68704;2827464;1861996
FR;1;2021-03-05;72743;56975;2900207;1918971
FR;1;2021-03-06;81196;14992;2981403;1933963
FR;1;2021-03-07;62836;2337;3044239;1936300
FR;1;2021-03-08;58535;38358;3102774;1974658
FR;1;2021-03-09;84015;45260;3186789;2019918
FR;1;2021-03-10;88552;46296;3275341;2066214
FR;1;2021-03-11;102588;53446;3377929;2119660
FR;1;2021-03-12;101679;43362;3479608;2163022
FR;1;2021-03-13;87384;12073;3566992;2175095
FR;1;2021-03-14;43582;2095;3610574;2177190
FR;1;2021-03-15;93358;25827;3703932;2203017
FR;1;2021-03-16;121389;32227;3825321;2235244
FR;1;2021-03-17;126734;31773;3952055;2267017
FR;1;2021-03-18;140008;37462;4092063;2304479
FR;1;2021-03-19;133469;30161;4225532;2334640
FR;1;2021-03-20;74673;9205;4300205;2343845
FR;1;2021-03-21;25698;1336;4325903;2345181
FR;1;2021-03-22;111894;28501;4437797;2373682
FR;1;2021-03-23;139146;36427;4576943;2410109
FR;1;2021-03-24;138328;36933;4715271;2447042
FR;1;2021-03-25;159756;38819;4875027;2485861
FR;1;2021-03-26;161989;35970;5037016;2521831
FR;1;2021-03-27;108611;15097;5145627;2536928
FR;1;2021-03-28;41191;4559;5186818;2541487
FR;1;2021-03-29;125986;47019;5312804;2588506
FR;1;2021-03-30;161629;62637;5474433;2651143
FR;1;2021-03-31;164931;67156;5639364;2718299
FR;1;2021-04-01;184439;84405;5823803;2802704
FR;1;2021-04-02;159004;87047;5982807;2889751
FR;1;2021-04-03;86243;57679;6069050;2947430
FR;1;2021-04-04;32081;17462;6101131;2964892
FR;1;2021-04-05;42094;9009;6143225;2973901
FR;1;2021-04-06;150813;104673;6294038;3078574
FR;1;2021-04-07;189920;105858;6483958;3184432
FR;1;2021-04-08;212413;112665;6696371;3297097
FR;1;2021-04-09;203946;105597;6900317;3402694
FR;1;2021-04-10;114830;72147;7015147;3474841
FR;1;2021-04-11;39839;29193;7054986;3504034
FR;1;2021-04-12;162750;100557;7217736;3604591
FR;1;2021-04-13;195006;122363;7412742;3726954
FR;1;2021-04-14;198506;119380;7611248;3846334
FR;1;2021-04-15;209510;123082;7820758;3969416
FR;1;2021-04-16;195604;120406;8016362;4089822
FR;1;2021-04-17;117720;64912;8134082;4154734
FR;1;2021-04-18;33809;20219;8167891;4174953
FR;2;2020-12-27;0;0;0;0
FR;2;2020-12-28;0;0;0;0
FR;2;2020-12-29;0;0;0;0
FR;2;2020-12-30;0;0;0;0
FR;2;2020-12-31;0;0;0;0
FR;2;2021-01-01;0;0;0;0
FR;2;2021-01-02;0;0;0;0
FR;2;2021-01-03;0;0;0;0
FR;2;2021-01-04;0;0;0;0
FR;2;2021-01-05;0;0;0;0
FR;2;2021-01-06;0;0;0;0
FR;2;2021-01-07;0;0;0;0
FR;2;2021-01-08;0;0;0;0
FR;2;2021-01-09;0;0;0;0
FR;2;2021-01-10;0;0;0;0
FR;2;2021-01-11;0;0;0;0
FR;2;2021-01-12;0;0;0;0
FR;2;2021-01-13;0;0;0;0
FR;2;2021-01-14;140;0;140;0
FR;2;2021-01-15;218;0;358;0
FR;2;2021-01-16;185;0;543;0
FR;2;2021-01-17;3;0;546;0
FR;2;2021-01-18;2900;0;3446;0
FR;2;2021-01-19;4480;0;7926;0
FR;2;2021-01-20;4903;0;12829;0
FR;2;2021-01-21;5060;0;17889;0
FR;2;2021-01-22;4852;0;22741;0
FR;2;2021-01-23;1726;0;24467;0
FR;2;2021-01-24;81;0;24548;0
FR;2;2021-01-25;3628;0;28176;0
FR;2;2021-01-26;3686;0;31862;0
FR;2;2021-01-27;3401;0;35263;0
FR;2;2021-01-28;3479;0;38742;0
FR;2;2021-01-29;3073;0;41815;0
FR;2;2021-01-30;1054;0;42869;0
FR;2;2021-01-31;0;0;42869;0
FR;2;2021-02-01;3245;0;46114;0
FR;2;2021-02-02;4300;0;50414;0
FR;2;2021-02-03;5028;0;55442;0
FR;2;2021-02-04;4653;3;60095;3
FR;2;2021-02-05;4549;6;64644;9
FR;2;2021-02-06;1928;2;66572;11
FR;2;2021-02-07;32;0;66604;11
FR;2;2021-02-08;7408;11;74012;22
FR;2;2021-02-09;8246;15;82258;37
FR;2;2021-02-10;9128;50;91386;87
FR;2;2021-02-11;10043;121;101429;208
FR;2;2021-02-12;9754;256;111183;464
FR;2;2021-02-13;3005;205;114188;669
FR;2;2021-02-14;296;1;114484;670
FR;2;2021-02-15;3350;3119;117834;3789
FR;2;2021-02-16;4897;4211;122731;8000
FR;2;2021-02-17;4073;4581;126804;12581
FR;2;2021-02-18;5213;5141;132017;17722
FR;2;2021-02-19;5092;4483;137109;22205
FR;2;2021-02-20;1763;1498;138872;23703
FR;2;2021-02-21;197;86;139069;23789
FR;2;2021-02-22;3505;3774;142574;27563
FR;2;2021-02-23;4781;3696;147355;31259
FR;2;2021-02-24;4733;3519;152088;34778
FR;2;2021-02-25;5259;3401;157347;38179
FR;2;2021-02-26;4188;3095;161535;41274
FR;2;2021-02-27;1500;1059;163035;42333
FR;2;2021-02-28;99;3;163134;42336
FR;2;2021-03-01;4942;3722;168076;46058
FR;2;2021-03-02;6283;4644;174359;50702
FR;2;2021-03-03;6235;4915;180594;55617
FR;2;2021-03-04;8053;4136;188647;59753
FR;2;2021-03-05;7752;3907;196399;63660
FR;2;2021-03-06;4615;1661;201014;65321
FR;2;2021-03-07;2279;23;203293;65344
FR;2;2021-03-08;3965;8333;207258;73677
FR;2;2021-03-09;7246;8544;214504;82221
FR;2;2021-03-10;6836;9158;221340;91379
FR;2;2021-03-11;8993;9346;230333;100725
FR;2;2021-03-12;7680;8262;238013;108987
FR;2;2021-03-13;9838;2569;247851;111556
FR;2;2021-03-14;4750;344;252601;111900
FR;2;2021-03-15;10610;3408;263211;115308
FR;2;2021-03-16;16395;4714;279606;120022
FR;2;2021-03-17;19720;3971;299326;123993
FR;2;2021-03-18;22786;5129;322112;129122
FR;2;2021-03-19;22654;4623;344766;133745
FR;2;2021-03-20;25105;1593;369871;135338
FR;2;2021-03-21;17450;146;387321;135484
FR;2;2021-03-22;17144;3307;404465;138791
FR;2;2021-03-23;22114;4310;426579;143101
FR;2;2021-03-24;23331;5058;449910;148159
FR;2;2021-03-25;25902;5220;475812;153379
FR;2;2021-03-26;26187;4167;501999;157546
FR;2;2021-03-27;15436;1398;517435;158944
FR;2;2021-03-28;10074;144;527509;159088
FR;2;2021-03-29;18417;4283;545926;163371
FR;2;2021-03-30;23905;6051;569831;169422
FR;2;2021-03-31;27683;5809;597514;175231
FR;2;2021-04-01;33257;8402;630771;183633
FR;2;2021-04-02;28895;7666;659666;191299
FR;2;2021-04-03;16368;4468;676034;195767
FR;2;2021-04-04;9087;1375;685121;197142
FR;2;2021-04-05;12022;738;697143;197880
FR;2;2021-04-06;25933;7410;723076;205290
FR;2;2021-04-07;30028;6944;753104;212234
FR;2;2021-04-08;35872;8361;788976;220595
FR;2;2021-04-09;33001;8126;821977;228721
FR;2;2021-04-10;19358;9305;841335;238026
FR;2;2021-04-11;7781;4213;849116;242239
FR;2;2021-04-12;16555;10745;865671;252984
FR;2;2021-04-13;18557;15717;884228;268701
FR;2;2021-04-14;17364;16167;901592;284868
FR;2;2021-04-15;21171;20002;922763;304870
FR;2;2021-04-16;19146;19721;941909;324591
FR;2;2021-04-17;12808;22030;954717;346621
FR;2;2021-04-18;5741;14338;960458;360959
FR;3;2020-12-27;0;0;0;0
FR;3;2020-12-28;0;0;0;0
FR;3;2020-12-29;0;0;0;0
FR;3;2020-12-30;0;0;0;0
FR;3;2020-12-31;0;0;0;0
FR;3;2021-01-01;0;0;0;0
FR;3;2021-01-02;0;0;0;0
FR;3;2021-01-03;0;0;0;0
FR;3;2021-01-04;0;0;0;0
FR;3;2021-01-05;0;0;0;0
FR;3;2021-01-06;0;0;0;0
FR;3;2021-01-07;0;0;0;0
FR;3;2021-01-08;0;0;0;0
FR;3;2021-01-09;0;0;0;0
FR;3;2021-01-10;0;0;0;0
FR;3;2021-01-11;0;0;0;0
FR;3;2021-01-12;0;0;0;0
FR;3;2021-01-13;0;0;0;0
FR;3;2021-01-14;0;0;0;0
FR;3;2021-01-15;0;0;0;0
FR;3;2021-01-16;0;0;0;0
FR;3;2021-01-17;0;0;0;0
FR;3;2021-01-18;0;0;0;0
FR;3;2021-01-19;0;0;0;0
FR;3;2021-01-20;0;0;0;0
FR;3;2021-01-21;0;0;0;0
FR;3;2021-01-22;0;0;0;0
FR;3;2021-01-23;0;0;0;0
FR;3;2021-01-24;0;0;0;0
FR;3;2021-01-25;0;0;0;0
FR;3;2021-01-26;0;0;0;0
FR;3;2021-01-27;0;0;0;0
FR;3;2021-01-28;0;0;0;0
FR;3;2021-01-29;0;0;0;0
FR;3;2021-01-30;0;0;0;0
FR;3;2021-01-31;0;0;0;0
FR;3;2021-02-01;0;0;0;0
FR;3;2021-02-02;0;0;0;0
FR;3;2021-02-03;0;0;0;0
FR;3;2021-02-04;0;0;0;0
FR;3;2021-02-05;0;0;0;0
FR;3;2021-02-06;246;0;246;0
FR;3;2021-02-07;1352;0;1598;0
FR;3;2021-02-08;2592;0;4190;0
FR;3;2021-02-09;6545;0;10735;0
FR;3;2021-02-10;8987;0;19722;0
FR;3;2021-02-11;13064;0;32786;0
FR;3;2021-02-12;12758;0;45544;0
FR;3;2021-02-13;3441;0;48985;0
FR;3;2021-02-14;840;0;49825;0
FR;3;2021-02-15;9919;0;59744;0
FR;3;2021-02-16;11944;0;71688;0
FR;3;2021-02-17;10646;0;82334;0
FR;3;2021-02-18;14131;0;96465;0
FR;3;2021-02-19;13852;0;110317;0
FR;3;2021-02-20;3087;0;113404;0
FR;3;2021-02-21;530;0;113934;0
FR;3;2021-02-22;8686;0;122620;0
FR;3;2021-02-23;10847;0;133467;0
FR;3;2021-02-24;13557;0;147024;0
FR;3;2021-02-25;43601;0;190625;0
FR;3;2021-02-26;60481;0;251106;0
FR;3;2021-02-27;33911;8;285017;8
FR;3;2021-02-28;2282;0;287299;8
FR;3;2021-03-01;19318;28;306617;36
FR;3;2021-03-02;37645;12;344262;48
FR;3;2021-03-03;46760;21;391022;69
FR;3;2021-03-04;78992;26;470014;95
FR;3;2021-03-05;114804;70;584818;165
FR;3;2021-03-06;116056;55;700874;220
FR;3;2021-03-07;53578;30;754452;250
FR;3;2021-03-08;41202;24;795654;274
FR;3;2021-03-09;76621;38;872275;312
FR;3;2021-03-10;78383;45;950658;357
FR;3;2021-03-11;125208;59;1075866;416
FR;3;2021-03-12;178635;74;1254501;490
FR;3;2021-03-13;128630;53;1383131;543
FR;3;2021-03-14;13383;5;1396514;548
FR;3;2021-03-15;50472;43;1446986;591
FR;3;2021-03-16;827;9;1447813;600
FR;3;2021-03-17;545;5;1448358;605
FR;3;2021-03-18;1068;3;1449426;608
FR;3;2021-03-19;68631;42;1518057;650
FR;3;2021-03-20;63831;36;1581888;686
FR;3;2021-03-21;5434;5;1587322;691
FR;3;2021-03-22;36309;30;1623631;721
FR;3;2021-03-23;82858;51;1706489;772
FR;3;2021-03-24;89109;72;1795598;844
FR;3;2021-03-25;147200;122;1942798;966
FR;3;2021-03-26;162668;161;2105466;1127
FR;3;2021-03-27;66838;87;2172304;1214
FR;3;2021-03-28;6080;17;2178384;1231
FR;3;2021-03-29;53046;60;2231430;1291
FR;3;2021-03-30;91523;89;2322953;1380
FR;3;2021-03-31;61974;79;2384927;1459
FR;3;2021-04-01;84091;107;2469018;1566
FR;3;2021-04-02;85285;152;2554303;1718
FR;3;2021-04-03;34998;121;2589301;1839
FR;3;2021-04-04;3327;15;2592628;1854
FR;3;2021-04-05;4165;21;2596793;1875
FR;3;2021-04-06;28642;66;2625435;1941
FR;3;2021-04-07;31354;52;2656789;1993
FR;3;2021-04-08;77069;240;2733858;2233
FR;3;2021-04-09;158770;416;2892628;2649
FR;3;2021-04-10;73940;334;2966568;2983
FR;3;2021-04-11;6963;44;2973531;3027
FR;3;2021-04-12;50057;186;3023588;3213
FR;3;2021-04-13;84350;336;3107938;3549
FR;3;2021-04-14;65849;325;3173787;3874
FR;3;2021-04-15;90493;372;3264280;4246
FR;3;2021-04-16;109071;567;3373351;4813
FR;3;2021-04-17;50605;335;3423956;5148
FR;3;2021-04-18;9193;34;3433149;5182
FR;0;2020-12-27;17;0;17;0
FR;0;2020-12-28;59;0;76;0
FR;0;2020-12-29;107;0;183;0
FR;0;2020-12-30;115;0;298;0
FR;0;2020-12-31;83;0;381;0
FR;0;2021-01-01;55;0;436;0
FR;0;2021-01-02;71;0;507;0
FR;0;2021-01-03;87;0;594;0
FR;0;2021-01-04;1461;0;2055;0
FR;0;2021-01-05;5343;0;7398;0
FR;0;2021-01-06;11243;0;18641;0
FR;0;2021-01-07;28442;0;47083;0
FR;0;2021-01-08;35870;0;82953;0
FR;0;2021-01-09;10862;0;93815;0
FR;0;2021-01-10;5599;0;99414;0
FR;0;2021-01-11;38695;0;138109;0
FR;0;2021-01-12;60189;0;198298;0
FR;0;2021-01-13;63219;0;261517;0
FR;0;2021-01-14;79330;0;340847;0
FR;0;2021-01-15;66805;0;407652;0
FR;0;2021-01-16;19560;655;427212;655
FR;0;2021-01-17;10433;40;437645;695
FR;0;2021-01-18;84009;187;521654;882
FR;0;2021-01-19;127678;227;649332;1109
FR;0;2021-01-20;134348;154;783680;1263
FR;0;2021-01-21;154318;155;937998;1418
FR;0;2021-01-22;117820;222;1055818;1640
FR;0;2021-01-23;37707;83;1093525;1723
FR;0;2021-01-24;9314;103;1102839;1826
FR;0;2021-01-25;76513;1496;1179352;3322
FR;0;2021-01-26;98184;3919;1277536;7241
FR;0;2021-01-27;105290;6793;1382826;14034
FR;0;2021-01-28;121705;17451;1504531;31485
FR;0;2021-01-29;90562;19606;1595093;51091
FR;0;2021-01-30;28587;4658;1623680;55749
FR;0;2021-01-31;4855;1906;1628535;57655
FR;0;2021-02-01;51322;24096;1679857;81751
FR;0;2021-02-02;70189;40567;1750046;122318
FR;0;2021-02-03;70609;41805;1820655;164123
FR;0;2021-02-04;80006;58456;1900661;222579
FR;0;2021-02-05;66704;49391;1967365;271970
FR;0;2021-02-06;21189;11350;1988554;283320
FR;0;2021-02-07;4810;6443;1993364;289763
FR;0;2021-02-08;45677;49941;2039041;339704
FR;0;2021-02-09;64461;82061;2103502;421765
FR;0;2021-02-10;68738;86959;2172240;508724
FR;0;2021-02-11;84819;109607;2257059;618331
FR;0;2021-02-12;77035;75469;2334094;693800
FR;0;2021-02-13;21531;18647;2355625;712447
FR;0;2021-02-14;4534;6747;2360159;719194
FR;0;2021-02-15;36729;74907;2396888;794101
FR;0;2021-02-16;48752;96360;2445640;890461
FR;0;2021-02-17;48958;107690;2494598;998151
FR;0;2021-02-18;67135;125122;2561733;1123273
FR;0;2021-02-19;63147;90739;2624880;1214012
FR;0;2021-02-20;17842;27617;2642722;1241629
FR;0;2021-02-21;2835;5378;2645557;1247007
FR;0;2021-02-22;36117;70634;2681674;1317641
FR;0;2021-02-23;52049;83491;2733723;1401132
FR;0;2021-02-24;57496;82390;2791219;1483522
FR;0;2021-02-25;97383;88347;2888602;1571869
FR;0;2021-02-26;110525;68846;2999127;1640715
FR;0;2021-02-27;50561;22038;3049688;1662753
FR;0;2021-02-28;5605;3570;3055293;1666323
FR;0;2021-03-01;62803;52354;3118096;1718677
FR;0;2021-03-02;98317;66185;3216413;1784862
FR;0;2021-03-03;112174;64116;3328587;1848978
FR;0;2021-03-04;157538;72866;3486125;1921844
FR;0;2021-03-05;195299;60952;3681424;1982796
FR;0;2021-03-06;201867;16708;3883291;1999504
FR;0;2021-03-07;118693;2390;4001984;2001894
FR;0;2021-03-08;103702;46715;4105686;2048609
FR;0;2021-03-09;167882;53842;4273568;2102451
FR;0;2021-03-10;173771;55499;4447339;2157950
FR;0;2021-03-11;236789;62851;4684128;2220801
FR;0;2021-03-12;287994;51698;4972122;2272499
FR;0;2021-03-13;225852;14695;5197974;2287194
FR;0;2021-03-14;61715;2444;5259689;2289638
FR;0;2021-03-15;154440;29278;5414129;2318916
FR;0;2021-03-16;138611;36950;5552740;2355866
FR;0;2021-03-17;146999;35749;5699739;2391615
FR;0;2021-03-18;163862;42594;5863601;2434209
FR;0;2021-03-19;224754;34826;6088355;2469035
FR;0;2021-03-20;163609;10834;6251964;2479869
FR;0;2021-03-21;48582;1487;6300546;2481356
FR;0;2021-03-22;165347;31838;6465893;2513194
FR;0;2021-03-23;244118;40788;6710011;2553982
FR;0;2021-03-24;250768;42063;6960779;2596045
FR;0;2021-03-25;332858;44161;7293637;2640206
FR;0;2021-03-26;350844;40298;7644481;2680504
FR;0;2021-03-27;190885;16582;7835366;2697086
FR;0;2021-03-28;57345;4720;7892711;2701806
FR;0;2021-03-29;197449;51362;8090160;2753168
FR;0;2021-03-30;277057;68777;8367217;2821945
FR;0;2021-03-31;254588;73044;8621805;2894989
FR;0;2021-04-01;301787;92914;8923592;2987903
FR;0;2021-04-02;273184;94865;9196776;3082768
FR;0;2021-04-03;137609;62268;9334385;3145036
FR;0;2021-04-04;44495;18852;9378880;3163888
FR;0;2021-04-05;58281;9768;9437161;3173656
FR;0;2021-04-06;205388;112149;9642549;3285805
FR;0;2021-04-07;251302;112854;9893851;3398659
FR;0;2021-04-08;325354;121266;10219205;3519925
FR;0;2021-04-09;395717;114139;10614922;3634064
FR;0;2021-04-10;208128;81786;10823050;3715850
FR;0;2021-04-11;54583;33450;10877633;3749300
FR;0;2021-04-12;229362;111488;11106995;3860788
FR;0;2021-04-13;297913;138416;11404908;3999204
FR;0;2021-04-14;281719;135872;11686627;4135076
FR;0;2021-04-15;321174;143456;12007801;4278532
FR;0;2021-04-16;323821;140694;12331622;4419226
FR;0;2021-04-17;181133;87277;12512755;4506503
FR;0;2021-04-18;48743;34591;12561498;4541094
