fra;vaccin;jour;n_dose1;n_dose2;n_cum_dose1;n_cum_dose2
FR;1;2020-12-27;17;0;17;0
FR;1;2020-12-28;59;0;76;0
FR;1;2020-12-29;107;0;183;0
FR;1;2020-12-30;115;0;298;0
FR;1;2020-12-31;83;0;381;0
FR;1;2021-01-01;55;0;436;0
FR;1;2021-01-02;71;0;507;0
FR;1;2021-01-03;87;0;594;0
FR;1;2021-01-04;1462;0;2056;0
FR;1;2021-01-05;5351;0;7407;0
FR;1;2021-01-06;11247;0;18654;0
FR;1;2021-01-07;28445;0;47099;0
FR;1;2021-01-08;35876;0;82975;0
FR;1;2021-01-09;10864;0;93839;0
FR;1;2021-01-10;5599;0;99438;0
FR;1;2021-01-11;38707;0;138145;0
FR;1;2021-01-12;60271;0;198416;0
FR;1;2021-01-13;63290;0;261706;0
FR;1;2021-01-14;79236;0;340942;0
FR;1;2021-01-15;66632;0;407574;0
FR;1;2021-01-16;19382;652;426956;652
FR;1;2021-01-17;10434;40;437390;692
FR;1;2021-01-18;81152;187;518542;879
FR;1;2021-01-19;123248;227;641790;1106
FR;1;2021-01-20;129578;154;771368;1260
FR;1;2021-01-21;149405;156;920773;1416
FR;1;2021-01-22;113003;222;1033776;1638
FR;1;2021-01-23;35983;83;1069759;1721
FR;1;2021-01-24;9234;104;1078993;1825
FR;1;2021-01-25;72923;1498;1151916;3323
FR;1;2021-01-26;94543;3922;1246459;7245
FR;1;2021-01-27;101910;6795;1348369;14040
FR;1;2021-01-28;118279;17504;1466648;31544
FR;1;2021-01-29;87527;19610;1554175;51154
FR;1;2021-01-30;27539;4659;1581714;55813
FR;1;2021-01-31;4855;1906;1586569;57719
FR;1;2021-02-01;48083;24103;1634652;81822
FR;1;2021-02-02;65917;40591;1700569;122413
FR;1;2021-02-03;65666;41823;1766235;164236
FR;1;2021-02-04;75385;58499;1841620;222735
FR;1;2021-02-05;62170;49419;1903790;272154
FR;1;2021-02-06;19022;11355;1922812;283509
FR;1;2021-02-07;3426;6443;1926238;289952
FR;1;2021-02-08;35687;49991;1961925;339943
FR;1;2021-02-09;49691;82150;2011616;422093
FR;1;2021-02-10;50678;87071;2062294;509164
FR;1;2021-02-11;61812;109667;2124106;618831
FR;1;2021-02-12;54593;75275;2178699;694106
FR;1;2021-02-13;15087;18445;2193786;712551
FR;1;2021-02-14;3403;6746;2197189;719297
FR;1;2021-02-15;23468;71828;2220657;791125
FR;1;2021-02-16;31923;92196;2252580;883321
FR;1;2021-02-17;34269;103152;2286849;986473
FR;1;2021-02-18;47813;120077;2334662;1106550
FR;1;2021-02-19;44241;86296;2378903;1192846
FR;1;2021-02-20;12994;26138;2391897;1218984
FR;1;2021-02-21;2108;5294;2394005;1224278
FR;1;2021-02-22;23936;66911;2417941;1291189
FR;1;2021-02-23;36431;79810;2454372;1370999
FR;1;2021-02-24;39219;78919;2493591;1449918
FR;1;2021-02-25;48606;85065;2542197;1534983
FR;1;2021-02-26;45882;65800;2588079;1600783
FR;1;2021-02-27;15154;20988;2603233;1621771
FR;1;2021-02-28;3225;3568;2606458;1625339
FR;1;2021-03-01;38560;48641;2645018;1673980
FR;1;2021-03-02;54435;61563;2699453;1735543
FR;1;2021-03-03;59222;59253;2758675;1794796
FR;1;2021-03-04;70586;68777;2829261;1863573
FR;1;2021-03-05;72806;57039;2902067;1920612
FR;1;2021-03-06;81208;14998;2983275;1935610
FR;1;2021-03-07;62909;2337;3046184;1937947
FR;1;2021-03-08;58551;38377;3104735;1976324
FR;1;2021-03-09;84048;45287;3188783;2021611
FR;1;2021-03-10;88601;46330;3277384;2067941
FR;1;2021-03-11;102653;53492;3380037;2121433
FR;1;2021-03-12;101720;43445;3481757;2164878
FR;1;2021-03-13;87438;12079;3569195;2176957
FR;1;2021-03-14;43591;2098;3612786;2179055
FR;1;2021-03-15;93463;25832;3706249;2204887
FR;1;2021-03-16;121513;32234;3827762;2237121
FR;1;2021-03-17;126929;31787;3954691;2268908
FR;1;2021-03-18;140287;37510;4094978;2306418
FR;1;2021-03-19;133729;30204;4228707;2336622
FR;1;2021-03-20;74787;9204;4303494;2345826
FR;1;2021-03-21;25735;1338;4329229;2347164
FR;1;2021-03-22;112463;28534;4441692;2375698
FR;1;2021-03-23;140164;36413;4581856;2412111
FR;1;2021-03-24;139312;36935;4721168;2449046
FR;1;2021-03-25;161746;38838;4882914;2487884
FR;1;2021-03-26;162660;36022;5045574;2523906
FR;1;2021-03-27;108804;15121;5154378;2539027
FR;1;2021-03-28;41230;4560;5195608;2543587
FR;1;2021-03-29;126331;47049;5321939;2590636
FR;1;2021-03-30;162375;62757;5484314;2653393
FR;1;2021-03-31;165796;67347;5650110;2720740
FR;1;2021-04-01;185829;84587;5835939;2805327
FR;1;2021-04-02;159436;87245;5995375;2892572
FR;1;2021-04-03;86276;57754;6081651;2950326
FR;1;2021-04-04;32081;17462;6113732;2967788
FR;1;2021-04-05;42094;9008;6155826;2976796
FR;1;2021-04-06;151542;105239;6307368;3082035
FR;1;2021-04-07;190285;106309;6497653;3188344
FR;1;2021-04-08;213365;112997;6711018;3301341
FR;1;2021-04-09;206238;106679;6917256;3408020
FR;1;2021-04-10;114938;72155;7032194;3480175
FR;1;2021-04-11;39860;29204;7072054;3509379
FR;1;2021-04-12;163636;102326;7235690;3611705
FR;1;2021-04-13;196813;124133;7432503;3735838
FR;1;2021-04-14;201463;120254;7633966;3856092
FR;1;2021-04-15;212244;125303;7846210;3981395
FR;1;2021-04-16;198374;122334;8044584;4103729
FR;1;2021-04-17;118613;65866;8163197;4169595
FR;1;2021-04-18;34454;20650;8197651;4190245
FR;1;2021-04-19;156023;118697;8353674;4308942
FR;1;2021-04-20;180003;145396;8533677;4454338
FR;1;2021-04-21;183631;143426;8717308;4597764
FR;1;2021-04-22;193876;157290;8911184;4755054
FR;2;2020-12-27;0;0;0;0
FR;2;2020-12-28;0;0;0;0
FR;2;2020-12-29;0;0;0;0
FR;2;2020-12-30;0;0;0;0
FR;2;2020-12-31;0;0;0;0
FR;2;2021-01-01;0;0;0;0
FR;2;2021-01-02;0;0;0;0
FR;2;2021-01-03;0;0;0;0
FR;2;2021-01-04;0;0;0;0
FR;2;2021-01-05;0;0;0;0
FR;2;2021-01-06;0;0;0;0
FR;2;2021-01-07;0;0;0;0
FR;2;2021-01-08;0;0;0;0
FR;2;2021-01-09;0;0;0;0
FR;2;2021-01-10;0;0;0;0
FR;2;2021-01-11;0;0;0;0
FR;2;2021-01-12;0;0;0;0
FR;2;2021-01-13;0;0;0;0
FR;2;2021-01-14;140;0;140;0
FR;2;2021-01-15;218;0;358;0
FR;2;2021-01-16;185;0;543;0
FR;2;2021-01-17;3;0;546;0
FR;2;2021-01-18;2900;0;3446;0
FR;2;2021-01-19;4480;0;7926;0
FR;2;2021-01-20;4903;0;12829;0
FR;2;2021-01-21;5060;0;17889;0
FR;2;2021-01-22;4852;0;22741;0
FR;2;2021-01-23;1726;0;24467;0
FR;2;2021-01-24;81;0;24548;0
FR;2;2021-01-25;3628;0;28176;0
FR;2;2021-01-26;3687;0;31863;0
FR;2;2021-01-27;3401;0;35264;0
FR;2;2021-01-28;3479;0;38743;0
FR;2;2021-01-29;3071;0;41814;0
FR;2;2021-01-30;1054;0;42868;0
FR;2;2021-01-31;0;0;42868;0
FR;2;2021-02-01;3245;0;46113;0
FR;2;2021-02-02;4300;0;50413;0
FR;2;2021-02-03;5029;0;55442;0
FR;2;2021-02-04;4653;3;60095;3
FR;2;2021-02-05;4549;6;64644;9
FR;2;2021-02-06;1928;2;66572;11
FR;2;2021-02-07;34;0;66606;11
FR;2;2021-02-08;7410;11;74016;22
FR;2;2021-02-09;8247;15;82263;37
FR;2;2021-02-10;9128;50;91391;87
FR;2;2021-02-11;10043;121;101434;208
FR;2;2021-02-12;9755;256;111189;464
FR;2;2021-02-13;3005;205;114194;669
FR;2;2021-02-14;296;1;114490;670
FR;2;2021-02-15;3351;3120;117841;3790
FR;2;2021-02-16;4900;4211;122741;8001
FR;2;2021-02-17;4085;4581;126826;12582
FR;2;2021-02-18;5216;5141;132042;17723
FR;2;2021-02-19;5093;4483;137135;22206
FR;2;2021-02-20;1763;1498;138898;23704
FR;2;2021-02-21;197;86;139095;23790
FR;2;2021-02-22;3505;3775;142600;27565
FR;2;2021-02-23;4783;3697;147383;31262
FR;2;2021-02-24;4733;3519;152116;34781
FR;2;2021-02-25;5259;3401;157375;38182
FR;2;2021-02-26;4189;3095;161564;41277
FR;2;2021-02-27;1500;1059;163064;42336
FR;2;2021-02-28;99;3;163163;42339
FR;2;2021-03-01;4943;3722;168106;46061
FR;2;2021-03-02;6284;4644;174390;50705
FR;2;2021-03-03;6236;4915;180626;55620
FR;2;2021-03-04;8054;4136;188680;59756
FR;2;2021-03-05;7752;3913;196432;63669
FR;2;2021-03-06;4616;1661;201048;65330
FR;2;2021-03-07;2279;23;203327;65353
FR;2;2021-03-08;3967;8333;207294;73686
FR;2;2021-03-09;7248;8546;214542;82232
FR;2;2021-03-10;6836;9158;221378;91390
FR;2;2021-03-11;8993;9346;230371;100736
FR;2;2021-03-12;7681;8261;238052;108997
FR;2;2021-03-13;9840;2569;247892;111566
FR;2;2021-03-14;4751;343;252643;111909
FR;2;2021-03-15;10615;3408;263258;115317
FR;2;2021-03-16;16392;4715;279650;120032
FR;2;2021-03-17;19729;3983;299379;124015
FR;2;2021-03-18;22798;5128;322177;129143
FR;2;2021-03-19;22744;4622;344921;133765
FR;2;2021-03-20;25122;1593;370043;135358
FR;2;2021-03-21;17455;146;387498;135504
FR;2;2021-03-22;17308;3304;404806;138808
FR;2;2021-03-23;22210;4310;427016;143118
FR;2;2021-03-24;23453;5052;450469;148170
FR;2;2021-03-25;26168;5221;476637;153391
FR;2;2021-03-26;26319;4167;502956;157558
FR;2;2021-03-27;15472;1400;518428;158958
FR;2;2021-03-28;10076;144;528504;159102
FR;2;2021-03-29;18453;4289;546957;163391
FR;2;2021-03-30;23933;6058;570890;169449
FR;2;2021-03-31;27704;5809;598594;175258
FR;2;2021-04-01;33314;8405;631908;183663
FR;2;2021-04-02;28903;7696;660811;191359
FR;2;2021-04-03;16368;4469;677179;195828
FR;2;2021-04-04;9093;1375;686272;197203
FR;2;2021-04-05;12024;738;698296;197941
FR;2;2021-04-06;26131;7447;724427;205388
FR;2;2021-04-07;30156;6945;754583;212333
FR;2;2021-04-08;35969;8363;790552;220696
FR;2;2021-04-09;33064;8150;823616;228846
FR;2;2021-04-10;19358;9305;842974;238151
FR;2;2021-04-11;7783;4215;850757;242366
FR;2;2021-04-12;16623;10786;867380;253152
FR;2;2021-04-13;18823;15733;886203;268885
FR;2;2021-04-14;17460;16349;903663;285234
FR;2;2021-04-15;21596;20280;925259;305514
FR;2;2021-04-16;19642;20087;944901;325601
FR;2;2021-04-17;12921;22298;957822;347899
FR;2;2021-04-18;5752;14341;963574;362240
FR;2;2021-04-19;16267;16065;979841;378305
FR;2;2021-04-20;18484;21378;998325;399683
FR;2;2021-04-21;17495;21439;1015820;421122
FR;2;2021-04-22;22751;24217;1038571;445339
FR;3;2020-12-27;0;0;0;0
FR;3;2020-12-28;0;0;0;0
FR;3;2020-12-29;0;0;0;0
FR;3;2020-12-30;0;0;0;0
FR;3;2020-12-31;0;0;0;0
FR;3;2021-01-01;0;0;0;0
FR;3;2021-01-02;0;0;0;0
FR;3;2021-01-03;0;0;0;0
FR;3;2021-01-04;0;0;0;0
FR;3;2021-01-05;0;0;0;0
FR;3;2021-01-06;0;0;0;0
FR;3;2021-01-07;0;0;0;0
FR;3;2021-01-08;0;0;0;0
FR;3;2021-01-09;0;0;0;0
FR;3;2021-01-10;0;0;0;0
FR;3;2021-01-11;0;0;0;0
FR;3;2021-01-12;0;0;0;0
FR;3;2021-01-13;0;0;0;0
FR;3;2021-01-14;0;0;0;0
FR;3;2021-01-15;0;0;0;0
FR;3;2021-01-16;0;0;0;0
FR;3;2021-01-17;0;0;0;0
FR;3;2021-01-18;0;0;0;0
FR;3;2021-01-19;0;0;0;0
FR;3;2021-01-20;0;0;0;0
FR;3;2021-01-21;0;0;0;0
FR;3;2021-01-22;0;0;0;0
FR;3;2021-01-23;0;0;0;0
FR;3;2021-01-24;0;0;0;0
FR;3;2021-01-25;0;0;0;0
FR;3;2021-01-26;0;0;0;0
FR;3;2021-01-27;0;0;0;0
FR;3;2021-01-28;0;0;0;0
FR;3;2021-01-29;0;0;0;0
FR;3;2021-01-30;0;0;0;0
FR;3;2021-01-31;0;0;0;0
FR;3;2021-02-01;0;0;0;0
FR;3;2021-02-02;0;0;0;0
FR;3;2021-02-03;0;0;0;0
FR;3;2021-02-04;0;0;0;0
FR;3;2021-02-05;0;0;0;0
FR;3;2021-02-06;252;0;252;0
FR;3;2021-02-07;1350;0;1602;0
FR;3;2021-02-08;2594;0;4196;0
FR;3;2021-02-09;6549;0;10745;0
FR;3;2021-02-10;8992;0;19737;0
FR;3;2021-02-11;13083;0;32820;0
FR;3;2021-02-12;12760;0;45580;0
FR;3;2021-02-13;3443;0;49023;0
FR;3;2021-02-14;840;0;49863;0
FR;3;2021-02-15;9923;0;59786;0
FR;3;2021-02-16;11963;0;71749;0
FR;3;2021-02-17;10652;0;82401;0
FR;3;2021-02-18;14142;0;96543;0
FR;3;2021-02-19;13859;0;110402;0
FR;3;2021-02-20;3091;0;113493;0
FR;3;2021-02-21;531;0;114024;0
FR;3;2021-02-22;8689;0;122713;0
FR;3;2021-02-23;10856;0;133569;0
FR;3;2021-02-24;13580;0;147149;0
FR;3;2021-02-25;43634;0;190783;0
FR;3;2021-02-26;60536;0;251319;0
FR;3;2021-02-27;33920;8;285239;8
FR;3;2021-02-28;2292;0;287531;8
FR;3;2021-03-01;19332;28;306863;36
FR;3;2021-03-02;37667;12;344530;48
FR;3;2021-03-03;46793;21;391323;69
FR;3;2021-03-04;79102;26;470425;95
FR;3;2021-03-05;114850;70;585275;165
FR;3;2021-03-06;116112;56;701387;221
FR;3;2021-03-07;53583;30;754970;251
FR;3;2021-03-08;41243;24;796213;275
FR;3;2021-03-09;76687;39;872900;314
FR;3;2021-03-10;78449;45;951349;359
FR;3;2021-03-11;125258;59;1076607;418
FR;3;2021-03-12;178751;74;1255358;492
FR;3;2021-03-13;128939;53;1384297;545
FR;3;2021-03-14;13561;5;1397858;550
FR;3;2021-03-15;50524;43;1448382;593
FR;3;2021-03-16;827;10;1449209;603
FR;3;2021-03-17;549;5;1449758;608
FR;3;2021-03-18;1074;3;1450832;611
FR;3;2021-03-19;68663;42;1519495;653
FR;3;2021-03-20;63891;36;1583386;689
FR;3;2021-03-21;5434;5;1588820;694
FR;3;2021-03-22;36318;30;1625138;724
FR;3;2021-03-23;82916;51;1708054;775
FR;3;2021-03-24;89137;72;1797191;847
FR;3;2021-03-25;147327;122;1944518;969
FR;3;2021-03-26;162777;161;2107295;1130
FR;3;2021-03-27;66885;87;2174180;1217
FR;3;2021-03-28;6083;17;2180263;1234
FR;3;2021-03-29;53102;61;2233365;1295
FR;3;2021-03-30;91639;89;2325004;1384
FR;3;2021-03-31;62083;79;2387087;1463
FR;3;2021-04-01;84189;107;2471276;1570
FR;3;2021-04-02;85368;154;2556644;1724
FR;3;2021-04-03;35052;121;2591696;1845
FR;3;2021-04-04;3330;15;2595026;1860
FR;3;2021-04-05;4183;21;2599209;1881
FR;3;2021-04-06;28725;66;2627934;1947
FR;3;2021-04-07;31399;52;2659333;1999
FR;3;2021-04-08;77179;240;2736512;2239
FR;3;2021-04-09;159059;417;2895571;2656
FR;3;2021-04-10;74092;334;2969663;2990
FR;3;2021-04-11;6985;44;2976648;3034
FR;3;2021-04-12;50269;186;3026917;3220
FR;3;2021-04-13;84580;341;3111497;3561
FR;3;2021-04-14;66152;327;3177649;3888
FR;3;2021-04-15;91061;378;3268710;4266
FR;3;2021-04-16;110063;577;3378773;4843
FR;3;2021-04-17;51747;341;3430520;5184
FR;3;2021-04-18;9355;39;3439875;5223
FR;3;2021-04-19;24168;234;3464043;5457
FR;3;2021-04-20;44378;399;3508421;5856
FR;3;2021-04-21;37514;452;3545935;6308
FR;3;2021-04-22;52326;785;3598261;7093
FR;0;2020-12-27;17;0;17;0
FR;0;2020-12-28;59;0;76;0
FR;0;2020-12-29;107;0;183;0
FR;0;2020-12-30;115;0;298;0
FR;0;2020-12-31;83;0;381;0
FR;0;2021-01-01;55;0;436;0
FR;0;2021-01-02;71;0;507;0
FR;0;2021-01-03;87;0;594;0
FR;0;2021-01-04;1462;0;2056;0
FR;0;2021-01-05;5351;0;7407;0
FR;0;2021-01-06;11247;0;18654;0
FR;0;2021-01-07;28445;0;47099;0
FR;0;2021-01-08;35876;0;82975;0
FR;0;2021-01-09;10864;0;93839;0
FR;0;2021-01-10;5599;0;99438;0
FR;0;2021-01-11;38707;0;138145;0
FR;0;2021-01-12;60271;0;198416;0
FR;0;2021-01-13;63290;0;261706;0
FR;0;2021-01-14;79376;0;341082;0
FR;0;2021-01-15;66850;0;407932;0
FR;0;2021-01-16;19567;652;427499;652
FR;0;2021-01-17;10437;40;437936;692
FR;0;2021-01-18;84052;187;521988;879
FR;0;2021-01-19;127728;227;649716;1106
FR;0;2021-01-20;134481;154;784197;1260
FR;0;2021-01-21;154465;156;938662;1416
FR;0;2021-01-22;117855;222;1056517;1638
FR;0;2021-01-23;37709;83;1094226;1721
FR;0;2021-01-24;9315;104;1103541;1825
FR;0;2021-01-25;76551;1498;1180092;3323
FR;0;2021-01-26;98230;3922;1278322;7245
FR;0;2021-01-27;105311;6795;1383633;14040
FR;0;2021-01-28;121758;17504;1505391;31544
FR;0;2021-01-29;90598;19610;1595989;51154
FR;0;2021-01-30;28593;4659;1624582;55813
FR;0;2021-01-31;4855;1906;1629437;57719
FR;0;2021-02-01;51328;24103;1680765;81822
FR;0;2021-02-02;70217;40591;1750982;122413
FR;0;2021-02-03;70695;41823;1821677;164236
FR;0;2021-02-04;80038;58502;1901715;222738
FR;0;2021-02-05;66719;49425;1968434;272163
FR;0;2021-02-06;21202;11357;1989636;283520
FR;0;2021-02-07;4810;6443;1994446;289963
FR;0;2021-02-08;45691;50002;2040137;339965
FR;0;2021-02-09;64487;82165;2104624;422130
FR;0;2021-02-10;68798;87121;2173422;509251
FR;0;2021-02-11;84938;109788;2258360;619039
FR;0;2021-02-12;77108;75531;2335468;694570
FR;0;2021-02-13;21535;18650;2357003;713220
FR;0;2021-02-14;4539;6747;2361542;719967
FR;0;2021-02-15;36742;74948;2398284;794915
FR;0;2021-02-16;48786;96407;2447070;891322
FR;0;2021-02-17;49006;107733;2496076;999055
FR;0;2021-02-18;67171;125218;2563247;1124273
FR;0;2021-02-19;63193;90779;2626440;1215052
FR;0;2021-02-20;17848;27636;2644288;1242688
FR;0;2021-02-21;2836;5380;2647124;1248068
FR;0;2021-02-22;36130;70686;2683254;1318754
FR;0;2021-02-23;52070;83507;2735324;1402261
FR;0;2021-02-24;57532;82438;2792856;1484699
FR;0;2021-02-25;97499;88466;2890355;1573165
FR;0;2021-02-26;110607;68895;3000962;1642060
FR;0;2021-02-27;50574;22055;3051536;1664115
FR;0;2021-02-28;5616;3571;3057152;1667686
FR;0;2021-03-01;62835;52391;3119987;1720077
FR;0;2021-03-02;98386;66219;3218373;1786296
FR;0;2021-03-03;112251;64189;3330624;1850485
FR;0;2021-03-04;157742;72939;3488366;1923424
FR;0;2021-03-05;195408;61022;3683774;1984446
FR;0;2021-03-06;201936;16715;3885710;2001161
FR;0;2021-03-07;118771;2390;4004481;2003551
FR;0;2021-03-08;103761;46734;4108242;2050285
FR;0;2021-03-09;167983;53872;4276225;2104157
FR;0;2021-03-10;173886;55533;4450111;2159690
FR;0;2021-03-11;236904;62897;4687015;2222587
FR;0;2021-03-12;288152;51780;4975167;2274367
FR;0;2021-03-13;226217;14701;5201384;2289068
FR;0;2021-03-14;61903;2446;5263287;2291514
FR;0;2021-03-15;154602;29283;5417889;2320797
FR;0;2021-03-16;138732;36959;5556621;2357756
FR;0;2021-03-17;147207;35775;5703828;2393531
FR;0;2021-03-18;164159;42641;5867987;2436172
FR;0;2021-03-19;225136;34868;6093123;2471040
FR;0;2021-03-20;163800;10833;6256923;2481873
FR;0;2021-03-21;48624;1489;6305547;2483362
FR;0;2021-03-22;166089;31868;6471636;2515230
FR;0;2021-03-23;245290;40774;6716926;2556004
FR;0;2021-03-24;251902;42059;6968828;2598063
FR;0;2021-03-25;335241;44181;7304069;2642244
FR;0;2021-03-26;351756;40350;7655825;2682594
FR;0;2021-03-27;191161;16608;7846986;2699202
FR;0;2021-03-28;57389;4721;7904375;2703923
FR;0;2021-03-29;197886;51399;8102261;2755322
FR;0;2021-03-30;277947;68904;8380208;2824226
FR;0;2021-03-31;255583;73235;8635791;2897461
FR;0;2021-04-01;303332;93099;8939123;2990560
FR;0;2021-04-02;273707;95095;9212830;3085655
FR;0;2021-04-03;137696;62344;9350526;3147999
FR;0;2021-04-04;44504;18852;9395030;3166851
FR;0;2021-04-05;58301;9767;9453331;3176618
FR;0;2021-04-06;206398;112752;9659729;3289370
FR;0;2021-04-07;251840;113306;9911569;3402676
FR;0;2021-04-08;326513;121600;10238082;3524276
FR;0;2021-04-09;398361;115246;10636443;3639522
FR;0;2021-04-10;208388;81794;10844831;3721316
FR;0;2021-04-11;54628;33463;10899459;3754779
FR;0;2021-04-12;230528;113298;11129987;3868077
FR;0;2021-04-13;300216;140207;11430203;4008284
FR;0;2021-04-14;285075;136930;11715278;4145214
FR;0;2021-04-15;324901;145961;12040179;4291175
FR;0;2021-04-16;328079;142998;12368258;4434173
FR;0;2021-04-17;183281;88505;12551539;4522678
FR;0;2021-04-18;49561;35030;12601100;4557708
FR;0;2021-04-19;196458;134996;12797558;4692704
FR;0;2021-04-20;242865;167173;13040423;4859877
FR;0;2021-04-21;238640;165317;13279063;5025194
FR;0;2021-04-22;268953;182292;13548016;5207486
