fra;clage_vacsi;jour;n_dose1;n_dose2;n_cum_dose1;n_cum_dose2
FR;24;2020-12-27;0;0;0;0
FR;24;2020-12-28;0;0;0;0
FR;24;2020-12-29;0;0;0;0
FR;24;2020-12-30;0;0;0;0
FR;24;2020-12-31;0;0;0;0
FR;24;2021-01-01;1;0;1;0
FR;24;2021-01-02;0;0;1;0
FR;24;2021-01-03;1;0;2;0
FR;24;2021-01-04;3;0;5;0
FR;24;2021-01-05;11;0;16;0
FR;24;2021-01-06;26;0;42;0
FR;24;2021-01-07;119;0;161;0
FR;24;2021-01-08;139;0;300;0
FR;24;2021-01-09;31;0;331;0
FR;24;2021-01-10;25;0;356;0
FR;24;2021-01-11;173;0;529;0
FR;24;2021-01-12;255;0;784;0
FR;24;2021-01-13;315;0;1099;0
FR;24;2021-01-14;408;0;1507;0
FR;24;2021-01-15;376;0;1883;0
FR;24;2021-01-16;92;2;1975;2
FR;24;2021-01-17;72;0;2047;2
FR;24;2021-01-18;346;0;2393;2
FR;24;2021-01-19;440;0;2833;2
FR;24;2021-01-20;460;0;3293;2
FR;24;2021-01-21;551;0;3844;2
FR;24;2021-01-22;441;0;4285;2
FR;24;2021-01-23;78;0;4363;2
FR;24;2021-01-24;19;0;4382;2
FR;24;2021-01-25;221;3;4603;5
FR;24;2021-01-26;257;6;4860;11
FR;24;2021-01-27;335;8;5195;19
FR;24;2021-01-28;435;31;5630;50
FR;24;2021-01-29;339;65;5969;115
FR;24;2021-01-30;74;13;6043;128
FR;24;2021-01-31;24;9;6067;137
FR;24;2021-02-01;120;106;6187;243
FR;24;2021-02-02;164;141;6351;384
FR;24;2021-02-03;167;160;6518;544
FR;24;2021-02-04;275;277;6793;821
FR;24;2021-02-05;261;235;7054;1056
FR;24;2021-02-06;69;45;7123;1101
FR;24;2021-02-07;116;37;7239;1138
FR;24;2021-02-08;305;251;7544;1389
FR;24;2021-02-09;528;343;8072;1732
FR;24;2021-02-10;798;462;8870;2194
FR;24;2021-02-11;1172;544;10042;2738
FR;24;2021-02-12;1250;371;11292;3109
FR;24;2021-02-13;224;63;11516;3172
FR;24;2021-02-14;43;14;11559;3186
FR;24;2021-02-15;743;257;12302;3443
FR;24;2021-02-16;1205;292;13507;3735
FR;24;2021-02-17;1130;340;14637;4075
FR;24;2021-02-18;1486;439;16123;4514
FR;24;2021-02-19;1453;394;17576;4908
FR;24;2021-02-20;269;53;17845;4961
FR;24;2021-02-21;31;9;17876;4970
FR;24;2021-02-22;891;176;18767;5146
FR;24;2021-02-23;1273;243;20040;5389
FR;24;2021-02-24;1331;210;21371;5599
FR;24;2021-02-25;1821;274;23192;5873
FR;24;2021-02-26;1693;227;24885;6100
FR;24;2021-02-27;431;56;25316;6156
FR;24;2021-02-28;74;10;25390;6166
FR;24;2021-03-01;984;139;26374;6305
FR;24;2021-03-02;1367;203;27741;6508
FR;24;2021-03-03;1414;230;29155;6738
FR;24;2021-03-04;1704;383;30859;7121
FR;24;2021-03-05;2659;271;33518;7392
FR;24;2021-03-06;1434;51;34952;7443
FR;24;2021-03-07;840;6;35792;7449
FR;24;2021-03-08;1640;98;37432;7547
FR;24;2021-03-09;2172;155;39604;7702
FR;24;2021-03-10;1976;209;41580;7911
FR;24;2021-03-11;2381;311;43961;8222
FR;24;2021-03-12;3138;237;47099;8459
FR;24;2021-03-13;1236;47;48335;8506
FR;24;2021-03-14;473;10;48808;8516
FR;24;2021-03-15;1541;85;50349;8601
FR;24;2021-03-16;660;174;51009;8775
FR;24;2021-03-17;826;195;51835;8970
FR;24;2021-03-18;1055;255;52890;9225
FR;24;2021-03-19;1495;187;54385;9412
FR;24;2021-03-20;678;34;55063;9446
FR;24;2021-03-21;507;9;55570;9455
FR;24;2021-03-22;1250;118;56820;9573
FR;24;2021-03-23;1458;210;58278;9783
FR;24;2021-03-24;1768;164;60046;9947
FR;24;2021-03-25;2009;227;62055;10174
FR;24;2021-03-26;2488;191;64543;10365
FR;24;2021-03-27;1551;69;66094;10434
FR;24;2021-03-28;873;9;66967;10443
FR;24;2021-03-29;1627;130;68594;10573
FR;24;2021-03-30;2464;186;71058;10759
FR;24;2021-03-31;2752;158;73810;10917
FR;29;2020-12-27;0;0;0;0
FR;29;2020-12-28;1;0;1;0
FR;29;2020-12-29;0;0;1;0
FR;29;2020-12-30;0;0;1;0
FR;29;2020-12-31;0;0;1;0
FR;29;2021-01-01;2;0;3;0
FR;29;2021-01-02;2;0;5;0
FR;29;2021-01-03;2;0;7;0
FR;29;2021-01-04;8;0;15;0
FR;29;2021-01-05;39;0;54;0
FR;29;2021-01-06;122;0;176;0
FR;29;2021-01-07;286;0;462;0
FR;29;2021-01-08;479;0;941;0
FR;29;2021-01-09;98;0;1039;0
FR;29;2021-01-10;81;0;1120;0
FR;29;2021-01-11;571;0;1691;0
FR;29;2021-01-12;833;0;2524;0
FR;29;2021-01-13;1105;0;3629;0
FR;29;2021-01-14;1389;0;5018;0
FR;29;2021-01-15;1206;0;6224;0
FR;29;2021-01-16;169;5;6393;5
FR;29;2021-01-17;126;0;6519;5
FR;29;2021-01-18;1006;0;7525;5
FR;29;2021-01-19;1034;1;8559;6
FR;29;2021-01-20;1074;0;9633;6
FR;29;2021-01-21;1321;1;10954;7
FR;29;2021-01-22;1053;2;12007;9
FR;29;2021-01-23;173;0;12180;9
FR;29;2021-01-24;40;0;12220;9
FR;29;2021-01-25;499;7;12719;16
FR;29;2021-01-26;607;29;13326;45
FR;29;2021-01-27;663;60;13989;105
FR;29;2021-01-28;958;126;14947;231
FR;29;2021-01-29;748;165;15695;396
FR;29;2021-01-30;127;34;15822;430
FR;29;2021-01-31;29;30;15851;460
FR;29;2021-02-01;244;295;16095;755
FR;29;2021-02-02;364;399;16459;1154
FR;29;2021-02-03;412;459;16871;1613
FR;29;2021-02-04;541;723;17412;2336
FR;29;2021-02-05;506;738;17918;3074
FR;29;2021-02-06;118;102;18036;3176
FR;29;2021-02-07;301;65;18337;3241
FR;29;2021-02-08;565;829;18902;4070
FR;29;2021-02-09;1196;1023;20098;5093
FR;29;2021-02-10;1644;1212;21742;6305
FR;29;2021-02-11;2273;1422;24015;7727
FR;29;2021-02-12;2100;1114;26115;8841
FR;29;2021-02-13;410;106;26525;8947
FR;29;2021-02-14;114;50;26639;8997
FR;29;2021-02-15;1540;698;28179;9695
FR;29;2021-02-16;1844;825;30023;10520
FR;29;2021-02-17;1850;822;31873;11342
FR;29;2021-02-18;2298;1093;34171;12435
FR;29;2021-02-19;2200;837;36371;13272
FR;29;2021-02-20;370;85;36741;13357
FR;29;2021-02-21;73;16;36814;13373
FR;29;2021-02-22;1384;396;38198;13769
FR;29;2021-02-23;1712;557;39910;14326
FR;29;2021-02-24;1721;470;41631;14796
FR;29;2021-02-25;2324;669;43955;15465
FR;29;2021-02-26;2485;515;46440;15980
FR;29;2021-02-27;575;79;47015;16059
FR;29;2021-02-28;110;19;47125;16078
FR;29;2021-03-01;1263;251;48388;16329
FR;29;2021-03-02;1715;445;50103;16774
FR;29;2021-03-03;1926;424;52029;17198
FR;29;2021-03-04;2347;617;54376;17815
FR;29;2021-03-05;3425;456;57801;18271
FR;29;2021-03-06;1548;71;59349;18342
FR;29;2021-03-07;792;14;60141;18356
FR;29;2021-03-08;1906;240;62047;18596
FR;29;2021-03-09;2564;272;64611;18868
FR;29;2021-03-10;2470;349;67081;19217
FR;29;2021-03-11;3124;581;70205;19798
FR;29;2021-03-12;3761;512;73966;20310
FR;29;2021-03-13;1504;57;75470;20367
FR;29;2021-03-14;503;15;75973;20382
FR;29;2021-03-15;1784;189;77757;20571
FR;29;2021-03-16;1065;353;78822;20924
FR;29;2021-03-17;1312;361;80134;21285
FR;29;2021-03-18;1506;445;81640;21730
FR;29;2021-03-19;2064;317;83704;22047
FR;29;2021-03-20;959;54;84663;22101
FR;29;2021-03-21;677;9;85340;22110
FR;29;2021-03-22;1550;215;86890;22325
FR;29;2021-03-23;2049;359;88939;22684
FR;29;2021-03-24;2363;331;91302;23015
FR;29;2021-03-25;3136;374;94438;23389
FR;29;2021-03-26;3465;340;97903;23729
FR;29;2021-03-27;2048;104;99951;23833
FR;29;2021-03-28;908;18;100859;23851
FR;29;2021-03-29;2286;245;103145;24096
FR;29;2021-03-30;3208;340;106353;24436
FR;29;2021-03-31;3521;340;109874;24776
FR;39;2020-12-27;0;0;0;0
FR;39;2020-12-28;0;0;0;0
FR;39;2020-12-29;1;0;1;0
FR;39;2020-12-30;2;0;3;0
FR;39;2020-12-31;1;0;4;0
FR;39;2021-01-01;3;0;7;0
FR;39;2021-01-02;0;0;7;0
FR;39;2021-01-03;3;0;10;0
FR;39;2021-01-04;23;0;33;0
FR;39;2021-01-05;127;0;160;0
FR;39;2021-01-06;366;0;526;0
FR;39;2021-01-07;1079;0;1605;0
FR;39;2021-01-08;1661;0;3266;0
FR;39;2021-01-09;429;0;3695;0
FR;39;2021-01-10;290;0;3985;0
FR;39;2021-01-11;2024;0;6009;0
FR;39;2021-01-12;3136;0;9145;0
FR;39;2021-01-13;3282;0;12427;0
FR;39;2021-01-14;4504;0;16931;0
FR;39;2021-01-15;4039;0;20970;0
FR;39;2021-01-16;729;31;21699;31
FR;39;2021-01-17;498;0;22197;31
FR;39;2021-01-18;2901;0;25098;31
FR;39;2021-01-19;3740;3;28838;34
FR;39;2021-01-20;3698;1;32536;35
FR;39;2021-01-21;4783;2;37319;37
FR;39;2021-01-22;3626;3;40945;40
FR;39;2021-01-23;571;1;41516;41
FR;39;2021-01-24;171;1;41687;42
FR;39;2021-01-25;1501;35;43188;77
FR;39;2021-01-26;2030;88;45218;165
FR;39;2021-01-27;2181;217;47399;382
FR;39;2021-01-28;3238;483;50637;865
FR;39;2021-01-29;2493;686;53130;1551
FR;39;2021-01-30;370;201;53500;1752
FR;39;2021-01-31;86;76;53586;1828
FR;39;2021-02-01;713;1042;54299;2870
FR;39;2021-02-02;1248;1689;55547;4559
FR;39;2021-02-03;1281;1700;56828;6259
FR;39;2021-02-04;1822;2684;58650;8943
FR;39;2021-02-05;1521;2717;60171;11660
FR;39;2021-02-06;377;406;60548;12066
FR;39;2021-02-07;555;243;61103;12309
FR;39;2021-02-08;1449;2414;62552;14723
FR;39;2021-02-09;3023;3541;65575;18264
FR;39;2021-02-10;3679;3736;69254;22000
FR;39;2021-02-11;5842;5092;75096;27092
FR;39;2021-02-12;5522;3794;80618;30886
FR;39;2021-02-13;1154;476;81772;31362
FR;39;2021-02-14;377;208;82149;31570
FR;39;2021-02-15;3257;2161;85406;33731
FR;39;2021-02-16;4272;2667;89678;36398
FR;39;2021-02-17;3831;2735;93509;39133
FR;39;2021-02-18;5708;3772;99217;42905
FR;39;2021-02-19;5562;2798;104779;45703
FR;39;2021-02-20;1046;362;105825;46065
FR;39;2021-02-21;184;73;106009;46138
FR;39;2021-02-22;2798;1345;108807;47483
FR;39;2021-02-23;3733;1634;112540;49117
FR;39;2021-02-24;3541;1509;116081;50626
FR;39;2021-02-25;5322;2012;121403;52638
FR;39;2021-02-26;5825;1558;127228;54196
FR;39;2021-02-27;1600;225;128828;54421
FR;39;2021-02-28;230;72;129058;54493
FR;39;2021-03-01;2847;804;131905;55297
FR;39;2021-03-02;4050;1422;135955;56719
FR;39;2021-03-03;4117;1230;140072;57949
FR;39;2021-03-04;5849;2183;145921;60132
FR;39;2021-03-05;8661;1660;154582;61792
FR;39;2021-03-06;4567;223;159149;62015
FR;39;2021-03-07;2492;42;161641;62057
FR;39;2021-03-08;4421;688;166062;62745
FR;39;2021-03-09;6497;1063;172559;63808
FR;39;2021-03-10;5788;1194;178347;65002
FR;39;2021-03-11;8145;1982;186492;66984
FR;39;2021-03-12;10768;1577;197260;68561
FR;39;2021-03-13;4877;231;202137;68792
FR;39;2021-03-14;1645;35;203782;68827
FR;39;2021-03-15;4462;653;208244;69480
FR;39;2021-03-16;3118;1074;211362;70554
FR;39;2021-03-17;3218;1102;214580;71656
FR;39;2021-03-18;4283;1503;218863;73159
FR;39;2021-03-19;5854;1090;224717;74249
FR;39;2021-03-20;2927;206;227644;74455
FR;39;2021-03-21;1931;20;229575;74475
FR;39;2021-03-22;4222;707;233797;75182
FR;39;2021-03-23;5844;1100;239641;76282
FR;39;2021-03-24;5955;876;245596;77158
FR;39;2021-03-25;8446;1125;254042;78283
FR;39;2021-03-26;9773;920;263815;79203
FR;39;2021-03-27;5660;308;269475;79511
FR;39;2021-03-28;2638;69;272113;79580
FR;39;2021-03-29;6113;737;278226;80317
FR;39;2021-03-30;8896;1084;287122;81401
FR;39;2021-03-31;9076;950;296198;82351
FR;49;2020-12-27;1;0;1;0
FR;49;2020-12-28;1;0;2;0
FR;49;2020-12-29;1;0;3;0
FR;49;2020-12-30;3;0;6;0
FR;49;2020-12-31;1;0;7;0
FR;49;2021-01-01;3;0;10;0
FR;49;2021-01-02;8;0;18;0
FR;49;2021-01-03;3;0;21;0
FR;49;2021-01-04;68;0;89;0
FR;49;2021-01-05;261;0;350;0
FR;49;2021-01-06;717;0;1067;0
FR;49;2021-01-07;1860;0;2927;0
FR;49;2021-01-08;2958;0;5885;0
FR;49;2021-01-09;885;0;6770;0
FR;49;2021-01-10;438;0;7208;0
FR;49;2021-01-11;3734;0;10942;0
FR;49;2021-01-12;5245;0;16187;0
FR;49;2021-01-13;5380;0;21567;0
FR;49;2021-01-14;7612;0;29179;0
FR;49;2021-01-15;6989;0;36168;0
FR;49;2021-01-16;1256;61;37424;61
FR;49;2021-01-17;573;0;37997;61
FR;49;2021-01-18;4621;0;42618;61
FR;49;2021-01-19;6170;3;48788;64
FR;49;2021-01-20;6004;0;54792;64
FR;49;2021-01-21;7688;0;62480;64
FR;49;2021-01-22;5822;6;68302;70
FR;49;2021-01-23;913;5;69215;75
FR;49;2021-01-24;266;0;69481;75
FR;49;2021-01-25;2334;77;71815;152
FR;49;2021-01-26;3360;180;75175;332
FR;49;2021-01-27;3621;346;78796;678
FR;49;2021-01-28;5170;962;83966;1640
FR;49;2021-01-29;4101;1491;88067;3131
FR;49;2021-01-30;633;339;88700;3470
FR;49;2021-01-31;127;136;88827;3606
FR;49;2021-02-01;1232;2089;90059;5695
FR;49;2021-02-02;2069;3250;92128;8945
FR;49;2021-02-03;2105;3176;94233;12121
FR;49;2021-02-04;3135;4910;97368;17031
FR;49;2021-02-05;2585;4891;99953;21922
FR;49;2021-02-06;534;813;100487;22735
FR;49;2021-02-07;521;321;101008;23056
FR;49;2021-02-08;1847;3871;102855;26927
FR;49;2021-02-09;4203;5820;107058;32747
FR;49;2021-02-10;5251;6025;112309;38772
FR;49;2021-02-11;7760;8086;120069;46858
FR;49;2021-02-12;7044;6092;127113;52950
FR;49;2021-02-13;1646;772;128759;53722
FR;49;2021-02-14;389;311;129148;54033
FR;49;2021-02-15;4037;3344;133185;57377
FR;49;2021-02-16;5213;4264;138398;61641
FR;49;2021-02-17;4976;4342;143374;65983
FR;49;2021-02-18;7155;5885;150529;71868
FR;49;2021-02-19;6877;4457;157406;76325
FR;49;2021-02-20;1463;594;158869;76919
FR;49;2021-02-21;266;123;159135;77042
FR;49;2021-02-22;3430;2072;162565;79114
FR;49;2021-02-23;4668;2694;167233;81808
FR;49;2021-02-24;4655;2560;171888;84368
FR;49;2021-02-25;7109;3485;178997;87853
FR;49;2021-02-26;7674;2633;186671;90486
FR;49;2021-02-27;2396;434;189067;90920
FR;49;2021-02-28;305;84;189372;91004
FR;49;2021-03-01;3574;1233;192946;92237
FR;49;2021-03-02;5371;2166;198317;94403
FR;49;2021-03-03;5553;2208;203870;96611
FR;49;2021-03-04;8241;3249;212111;99860
FR;49;2021-03-05;11691;2586;223802;102446
FR;49;2021-03-06;7788;354;231590;102800
FR;49;2021-03-07;4289;72;235879;102872
FR;49;2021-03-08;6094;1099;241973;103971
FR;49;2021-03-09;8969;1587;250942;105558
FR;49;2021-03-10;8257;1769;259199;107327
FR;49;2021-03-11;11802;2751;271001;110078
FR;49;2021-03-12;15153;2190;286154;112268
FR;49;2021-03-13;8601;398;294755;112666
FR;49;2021-03-14;2892;73;297647;112739
FR;49;2021-03-15;6479;892;304126;113631
FR;49;2021-03-16;4379;1585;308505;115216
FR;49;2021-03-17;4729;1427;313234;116643
FR;49;2021-03-18;6144;2138;319378;118781
FR;49;2021-03-19;8762;1522;328140;120303
FR;49;2021-03-20;5342;334;333482;120637
FR;49;2021-03-21;2979;31;336461;120668
FR;49;2021-03-22;5809;925;342270;121593
FR;49;2021-03-23;7906;1509;350176;123102
FR;49;2021-03-24;8760;1279;358936;124381
FR;49;2021-03-25;11271;1528;370207;125909
FR;49;2021-03-26;13539;1364;383746;127273
FR;49;2021-03-27;8644;425;392390;127698
FR;49;2021-03-28;3624;116;396014;127814
FR;49;2021-03-29;8618;1082;404632;128896
FR;49;2021-03-30;12358;1630;416990;130526
FR;49;2021-03-31;12836;1556;429826;132082
FR;59;2020-12-27;1;0;1;0
FR;59;2020-12-28;3;0;4;0
FR;59;2020-12-29;2;0;6;0
FR;59;2020-12-30;3;0;9;0
FR;59;2020-12-31;8;0;17;0
FR;59;2021-01-01;16;0;33;0
FR;59;2021-01-02;26;0;59;0
FR;59;2021-01-03;31;0;90;0
FR;59;2021-01-04;545;0;635;0
FR;59;2021-01-05;1999;0;2634;0
FR;59;2021-01-06;4497;0;7131;0
FR;59;2021-01-07;9843;0;16974;0
FR;59;2021-01-08;13454;0;30428;0
FR;59;2021-01-09;3793;0;34221;0
FR;59;2021-01-10;1860;0;36081;0
FR;59;2021-01-11;14977;0;51058;0
FR;59;2021-01-12;19755;0;70813;0
FR;59;2021-01-13;21463;0;92276;0
FR;59;2021-01-14;23565;0;115841;0
FR;59;2021-01-15;20493;0;136334;0
FR;59;2021-01-16;5050;188;141384;188
FR;59;2021-01-17;1674;1;143058;189
FR;59;2021-01-18;12934;7;155992;196
FR;59;2021-01-19;16992;7;172984;203
FR;59;2021-01-20;16201;3;189185;206
FR;59;2021-01-21;17816;10;207001;216
FR;59;2021-01-22;13184;36;220185;252
FR;59;2021-01-23;2737;25;222922;277
FR;59;2021-01-24;772;30;223694;307
FR;59;2021-01-25;6345;629;230039;936
FR;59;2021-01-26;8088;1463;238127;2399
FR;59;2021-01-27;8413;2473;246540;4872
FR;59;2021-01-28;10093;5322;256633;10194
FR;59;2021-01-29;7551;6878;264184;17072
FR;59;2021-01-30;1671;1542;265855;18614
FR;59;2021-01-31;358;557;266213;19171
FR;59;2021-02-01;3020;9251;269233;28422
FR;59;2021-02-02;4441;12894;273674;41316
FR;59;2021-02-03;4609;13758;278283;55074
FR;59;2021-02-04;5665;16662;283948;71736
FR;59;2021-02-05;4575;15334;288523;87070
FR;59;2021-02-06;1071;3024;289594;90094
FR;59;2021-02-07;393;1160;289987;91254
FR;59;2021-02-08;2677;12389;292664;103643
FR;59;2021-02-09;4779;16585;297443;120228
FR;59;2021-02-10;5543;16926;302986;137154
FR;59;2021-02-11;7580;19748;310566;156902
FR;59;2021-02-12;6707;15398;317273;172300
FR;59;2021-02-13;1685;3051;318958;175351
FR;59;2021-02-14;361;894;319319;176245
FR;59;2021-02-15;3281;9469;322600;185714
FR;59;2021-02-16;4719;11610;327319;197324
FR;59;2021-02-17;4957;11963;332276;209287
FR;59;2021-02-18;6984;13350;339260;222637
FR;59;2021-02-19;6358;10245;345618;232882
FR;59;2021-02-20;1371;1862;346989;234744
FR;59;2021-02-21;274;466;347263;235210
FR;59;2021-02-22;3238;5358;350501;240568
FR;59;2021-02-23;4712;6372;355213;246940
FR;59;2021-02-24;6453;5884;361666;252824
FR;59;2021-02-25;19337;6826;381003;259650
FR;59;2021-02-26;25618;5241;406621;264891
FR;59;2021-02-27;15338;1175;421959;266066
FR;59;2021-02-28;988;264;422947;266330
FR;59;2021-03-01;8064;2851;431011;269181
FR;59;2021-03-02;15632;4124;446643;273305
FR;59;2021-03-03;18601;4004;465244;277309
FR;59;2021-03-04;29068;5245;494312;282554
FR;59;2021-03-05;37379;4069;531691;286623
FR;59;2021-03-06;32454;775;564145;287398
FR;59;2021-03-07;13003;132;577148;287530
FR;59;2021-03-08;11411;2034;588559;289564
FR;59;2021-03-09;20965;2966;609524;292530
FR;59;2021-03-10;21353;3234;630877;295764
FR;59;2021-03-11;31478;4199;662355;299963
FR;59;2021-03-12;42030;3267;704385;303230
FR;59;2021-03-13;33124;733;737509;303963
FR;59;2021-03-14;6664;125;744173;304088
FR;59;2021-03-15;13369;1492;757542;305580
FR;59;2021-03-16;7406;2226;764948;307806
FR;59;2021-03-17;8147;2226;773095;310032
FR;59;2021-03-18;9705;2855;782800;312887
FR;59;2021-03-19;21450;2259;804250;315146
FR;59;2021-03-20;19056;502;823306;315648
FR;59;2021-03-21;5881;69;829187;315717
FR;59;2021-03-22;14034;1651;843221;317368
FR;59;2021-03-23;22677;2233;865898;319601
FR;59;2021-03-24;25251;2174;891149;321775
FR;59;2021-03-25;33739;2406;924888;324181
FR;59;2021-03-26;38398;2253;963286;326434
FR;59;2021-03-27;24469;860;987755;327294
FR;59;2021-03-28;7204;231;994959;327525
FR;59;2021-03-29;19352;2116;1014311;329641
FR;59;2021-03-30;28409;2715;1042720;332356
FR;59;2021-03-31;26919;2851;1069639;335207
FR;64;2020-12-27;1;0;1;0
FR;64;2020-12-28;0;0;1;0
FR;64;2020-12-29;1;0;2;0
FR;64;2020-12-30;6;0;8;0
FR;64;2020-12-31;5;0;13;0
FR;64;2021-01-01;6;0;19;0
FR;64;2021-01-02;10;0;29;0
FR;64;2021-01-03;21;0;50;0
FR;64;2021-01-04;237;0;287;0
FR;64;2021-01-05;975;0;1262;0
FR;64;2021-01-06;1902;0;3164;0
FR;64;2021-01-07;4130;0;7294;0
FR;64;2021-01-08;5464;0;12758;0
FR;64;2021-01-09;2058;0;14816;0
FR;64;2021-01-10;1058;0;15874;0
FR;64;2021-01-11;5999;0;21873;0
FR;64;2021-01-12;8099;0;29972;0
FR;64;2021-01-13;8471;0;38443;0
FR;64;2021-01-14;9500;0;47943;0
FR;64;2021-01-15;8033;0;55976;0
FR;64;2021-01-16;2371;82;58347;82
FR;64;2021-01-17;893;2;59240;84
FR;64;2021-01-18;5250;2;64490;86
FR;64;2021-01-19;7136;4;71626;90
FR;64;2021-01-20;6801;3;78427;93
FR;64;2021-01-21;7484;6;85911;99
FR;64;2021-01-22;5869;13;91780;112
FR;64;2021-01-23;1491;12;93271;124
FR;64;2021-01-24;420;20;93691;144
FR;64;2021-01-25;2972;254;96663;398
FR;64;2021-01-26;3739;640;100402;1038
FR;64;2021-01-27;3994;1123;104396;2161
FR;64;2021-01-28;4722;2270;109118;4431
FR;64;2021-01-29;3614;2854;112732;7285
FR;64;2021-01-30;858;821;113590;8106
FR;64;2021-01-31;180;346;113770;8452
FR;64;2021-02-01;1556;3676;115326;12128
FR;64;2021-02-02;2200;5203;117526;17331
FR;64;2021-02-03;2328;5433;119854;22764
FR;64;2021-02-04;2809;6720;122663;29484
FR;64;2021-02-05;2196;6033;124859;35517
FR;64;2021-02-06;653;1642;125512;37159
FR;64;2021-02-07;172;705;125684;37864
FR;64;2021-02-08;1470;5156;127154;43020
FR;64;2021-02-09;2443;7005;129597;50025
FR;64;2021-02-10;2684;7019;132281;57044
FR;64;2021-02-11;3507;8015;135788;65059
FR;64;2021-02-12;3110;6130;138898;71189
FR;64;2021-02-13;816;1468;139714;72657
FR;64;2021-02-14;185;536;139899;73193
FR;64;2021-02-15;1613;3999;141512;77192
FR;64;2021-02-16;2169;5000;143681;82192
FR;64;2021-02-17;2297;5245;145978;87437
FR;64;2021-02-18;3301;5915;149279;93352
FR;64;2021-02-19;3029;4434;152308;97786
FR;64;2021-02-20;811;975;153119;98761
FR;64;2021-02-21;146;223;153265;98984
FR;64;2021-02-22;1514;2536;154779;101520
FR;64;2021-02-23;2479;2943;157258;104463
FR;64;2021-02-24;3826;2938;161084;107401
FR;64;2021-02-25;15500;3236;176584;110637
FR;64;2021-02-26;21062;2448;197646;113085
FR;64;2021-02-27;12676;655;210322;113740
FR;64;2021-02-28;772;148;211094;113888
FR;64;2021-03-01;6246;1611;217340;115499
FR;64;2021-03-02;12530;2255;229870;117754
FR;64;2021-03-03;15270;2102;245140;119856
FR;64;2021-03-04;23883;2804;269023;122660
FR;64;2021-03-05;29022;2092;298045;124752
FR;64;2021-03-06;25432;466;323477;125218
FR;64;2021-03-07;9198;84;332675;125302
FR;64;2021-03-08;8312;1370;340987;126672
FR;64;2021-03-09;16018;1606;357005;128278
FR;64;2021-03-10;16127;1820;373132;130098
FR;64;2021-03-11;24606;2432;397738;132530
FR;64;2021-03-12;31720;1912;429458;134442
FR;64;2021-03-13;25950;445;455408;134887
FR;64;2021-03-14;5203;79;460611;134966
FR;64;2021-03-15;10312;988;470923;135954
FR;64;2021-03-16;5492;1418;476415;137372
FR;64;2021-03-17;5666;1401;482081;138773
FR;64;2021-03-18;7063;1684;489144;140457
FR;64;2021-03-19;17835;1363;506979;141820
FR;64;2021-03-20;17443;358;524422;142178
FR;64;2021-03-21;4415;49;528837;142227
FR;64;2021-03-22;12670;1058;541507;143285
FR;64;2021-03-23;22060;1378;563567;144663
FR;64;2021-03-24;23860;1377;587427;146040
FR;64;2021-03-25;34146;1520;621573;147560
FR;64;2021-03-26;37695;1390;659268;148950
FR;64;2021-03-27;20363;540;679631;149490
FR;64;2021-03-28;4831;154;684462;149644
FR;64;2021-03-29;16347;1473;700809;151117
FR;64;2021-03-30;25179;1926;725988;153043
FR;64;2021-03-31;21927;2022;747915;155065
FR;69;2020-12-27;2;0;2;0
FR;69;2020-12-28;1;0;3;0
FR;69;2020-12-29;4;0;7;0
FR;69;2020-12-30;8;0;15;0
FR;69;2020-12-31;4;0;19;0
FR;69;2021-01-01;5;0;24;0
FR;69;2021-01-02;10;0;34;0
FR;69;2021-01-03;9;0;43;0
FR;69;2021-01-04;127;0;170;0
FR;69;2021-01-05;484;0;654;0
FR;69;2021-01-06;910;0;1564;0
FR;69;2021-01-07;2121;0;3685;0
FR;69;2021-01-08;2699;0;6384;0
FR;69;2021-01-09;1268;0;7652;0
FR;69;2021-01-10;698;0;8350;0
FR;69;2021-01-11;3031;0;11381;0
FR;69;2021-01-12;4123;0;15504;0
FR;69;2021-01-13;4135;0;19639;0
FR;69;2021-01-14;4989;0;24628;0
FR;69;2021-01-15;4115;0;28743;0
FR;69;2021-01-16;1466;35;30209;35
FR;69;2021-01-17;647;2;30856;37
FR;69;2021-01-18;3302;2;34158;39
FR;69;2021-01-19;4801;4;38959;43
FR;69;2021-01-20;4707;3;43666;46
FR;69;2021-01-21;5423;5;49089;51
FR;69;2021-01-22;4288;9;53377;60
FR;69;2021-01-23;1321;6;54698;66
FR;69;2021-01-24;439;13;55137;79
FR;69;2021-01-25;2608;112;57745;191
FR;69;2021-01-26;3126;266;60871;457
FR;69;2021-01-27;3487;520;64358;977
FR;69;2021-01-28;4164;1191;68522;2168
FR;69;2021-01-29;3342;1445;71864;3613
FR;69;2021-01-30;882;502;72746;4115
FR;69;2021-01-31;152;226;72898;4341
FR;69;2021-02-01;1704;1866;74602;6207
FR;69;2021-02-02;2250;2678;76852;8885
FR;69;2021-02-03;2310;2737;79162;11622
FR;69;2021-02-04;2809;3698;81971;15320
FR;69;2021-02-05;2417;3126;84388;18446
FR;69;2021-02-06;668;1075;85056;19521
FR;69;2021-02-07;162;586;85218;20107
FR;69;2021-02-08;1527;2806;86745;22913
FR;69;2021-02-09;2256;4041;89001;26954
FR;69;2021-02-10;2403;4103;91404;31057
FR;69;2021-02-11;3332;4787;94736;35844
FR;69;2021-02-12;3079;3650;97815;39494
FR;69;2021-02-13;814;951;98629;40445
FR;69;2021-02-14;217;446;98846;40891
FR;69;2021-02-15;1299;2718;100145;43609
FR;69;2021-02-16;1807;3454;101952;47063
FR;69;2021-02-17;1947;3701;103899;50764
FR;69;2021-02-18;2847;4465;106746;55229
FR;69;2021-02-19;2817;3451;109563;58680
FR;69;2021-02-20;708;926;110271;59606
FR;69;2021-02-21;134;194;110405;59800
FR;69;2021-02-22;1520;2280;111925;62080
FR;69;2021-02-23;2172;2639;114097;64719
FR;69;2021-02-24;2798;2739;116895;67458
FR;69;2021-02-25;5819;3035;122714;70493
FR;69;2021-02-26;7315;2404;130029;72897
FR;69;2021-02-27;3667;682;133696;73579
FR;69;2021-02-28;384;118;134080;73697
FR;69;2021-03-01;3393;1786;137473;75483
FR;69;2021-03-02;6158;2320;143631;77803
FR;69;2021-03-03;8102;2258;151733;80061
FR;69;2021-03-04;13684;3013;165417;83074
FR;69;2021-03-05;19418;2407;184835;85481
FR;69;2021-03-06;23175;509;208010;85990
FR;69;2021-03-07;13736;92;221746;86082
FR;69;2021-03-08;9347;1689;231093;87771
FR;69;2021-03-09;17118;2017;248211;89788
FR;69;2021-03-10;18223;2189;266434;91977
FR;69;2021-03-11;28283;2854;294717;94831
FR;69;2021-03-12;38306;2451;333023;97282
FR;69;2021-03-13;33701;592;366724;97874
FR;69;2021-03-14;7450;113;374174;97987
FR;69;2021-03-15;15363;1282;389537;99269
FR;69;2021-03-16;9721;1759;399258;101028
FR;69;2021-03-17;10365;1736;409623;102764
FR;69;2021-03-18;11716;2115;421339;104879
FR;69;2021-03-19;26427;1815;447766;106694
FR;69;2021-03-20;25196;480;472962;107174
FR;69;2021-03-21;6640;69;479602;107243
FR;69;2021-03-22;19261;1573;498863;108816
FR;69;2021-03-23;33449;2006;532312;110822
FR;69;2021-03-24;34608;2111;566920;112933
FR;69;2021-03-25;50965;2144;617885;115077
FR;69;2021-03-26;54753;1936;672638;117013
FR;69;2021-03-27;27615;823;700253;117836
FR;69;2021-03-28;6541;275;706794;118111
FR;69;2021-03-29;24455;2528;731249;120639
FR;69;2021-03-30;37675;3320;768924;123959
FR;69;2021-03-31;30450;3401;799374;127360
FR;74;2020-12-27;1;0;1;0
FR;74;2020-12-28;5;0;6;0
FR;74;2020-12-29;4;0;10;0
FR;74;2020-12-30;8;0;18;0
FR;74;2020-12-31;5;0;23;0
FR;74;2021-01-01;4;0;27;0
FR;74;2021-01-02;3;0;30;0
FR;74;2021-01-03;12;0;42;0
FR;74;2021-01-04;90;0;132;0
FR;74;2021-01-05;294;0;426;0
FR;74;2021-01-06;578;0;1004;0
FR;74;2021-01-07;1481;0;2485;0
FR;74;2021-01-08;1861;0;4346;0
FR;74;2021-01-09;822;0;5168;0
FR;74;2021-01-10;569;0;5737;0
FR;74;2021-01-11;2200;0;7937;0
FR;74;2021-01-12;3223;0;11160;0
FR;74;2021-01-13;3226;0;14386;0
FR;74;2021-01-14;3898;0;18284;0
FR;74;2021-01-15;3413;0;21697;0
FR;74;2021-01-16;1214;43;22911;43
FR;74;2021-01-17;707;0;23618;43
FR;74;2021-01-18;3837;1;27455;44
FR;74;2021-01-19;5847;5;33302;49
FR;74;2021-01-20;5979;2;39281;51
FR;74;2021-01-21;6976;4;46257;55
FR;74;2021-01-22;5448;6;51705;61
FR;74;2021-01-23;1753;4;53458;65
FR;74;2021-01-24;524;21;53982;86
FR;74;2021-01-25;3628;60;57610;146
FR;74;2021-01-26;4572;203;62182;349
FR;74;2021-01-27;4903;344;67085;693
FR;74;2021-01-28;5798;921;72883;1614
FR;74;2021-01-29;4753;1019;77636;2633
FR;74;2021-01-30;1402;302;79038;2935
FR;74;2021-01-31;263;169;79301;3104
FR;74;2021-02-01;2604;1315;81905;4419
FR;74;2021-02-02;3502;2169;85407;6588
FR;74;2021-02-03;3515;2179;88922;8767
FR;74;2021-02-04;4145;2859;93067;11626
FR;74;2021-02-05;3540;2511;96607;14137
FR;74;2021-02-06;1063;816;97670;14953
FR;74;2021-02-07;207;569;97877;15522
FR;74;2021-02-08;2402;2641;100279;18163
FR;74;2021-02-09;3281;4043;103560;22206
FR;74;2021-02-10;3583;4114;107143;26320
FR;74;2021-02-11;4688;5008;111831;31328
FR;74;2021-02-12;4177;3655;116008;34983
FR;74;2021-02-13;1317;959;117325;35942
FR;74;2021-02-14;291;431;117616;36373
FR;74;2021-02-15;1915;3389;119531;39762
FR;74;2021-02-16;2522;4405;122053;44167
FR;74;2021-02-17;2626;4873;124679;49040
FR;74;2021-02-18;3954;5942;128633;54982
FR;74;2021-02-19;3816;4508;132449;59490
FR;74;2021-02-20;1170;1263;133619;60753
FR;74;2021-02-21;181;276;133800;61029
FR;74;2021-02-22;2105;3347;135905;64376
FR;74;2021-02-23;3121;3811;139026;68187
FR;74;2021-02-24;3452;3977;142478;72164
FR;74;2021-02-25;4324;4233;146802;76397
FR;74;2021-02-26;4225;3513;151027;79910
FR;74;2021-02-27;1506;1043;152533;80953
FR;74;2021-02-28;396;184;152929;81137
FR;74;2021-03-01;3641;2701;156570;83838
FR;74;2021-03-02;5607;3498;162177;87336
FR;74;2021-03-03;7660;3361;169837;90697
FR;74;2021-03-04;12774;4197;182611;94894
FR;74;2021-03-05;19399;3529;202010;98423
FR;74;2021-03-06;27573;886;229583;99309
FR;74;2021-03-07;18361;117;247944;99426
FR;74;2021-03-08;12249;2621;260193;102047
FR;74;2021-03-09;21244;3093;281437;105140
FR;74;2021-03-10;23148;3370;304585;108510
FR;74;2021-03-11;34980;4191;339565;112701
FR;74;2021-03-12;47625;3455;387190;116156
FR;74;2021-03-13;45347;990;432537;117146
FR;74;2021-03-14;10758;198;443295;117344
FR;74;2021-03-15;22127;2074;465422;119418
FR;74;2021-03-16;15645;2632;481067;122050
FR;74;2021-03-17;17365;2598;498432;124648
FR;74;2021-03-18;19420;3257;517852;127905
FR;74;2021-03-19;37111;2625;554963;130530
FR;74;2021-03-20;33623;797;588586;131327
FR;74;2021-03-21;9016;113;597602;131440
FR;74;2021-03-22;28010;2449;625612;133889
FR;74;2021-03-23;46372;3040;671984;136929
FR;74;2021-03-24;48803;3187;720787;140116
FR;74;2021-03-25;70726;3495;791513;143611
FR;74;2021-03-26;77641;3116;869154;146727
FR;74;2021-03-27;49595;1246;918749;147973
FR;74;2021-03-28;17169;479;935918;148452
FR;74;2021-03-29;52929;4149;988847;152601
FR;74;2021-03-30;72897;5458;1061744;158059
FR;74;2021-03-31;63548;5847;1125292;163906
FR;79;2020-12-27;1;0;1;0
FR;79;2020-12-28;7;0;8;0
FR;79;2020-12-29;12;0;20;0
FR;79;2020-12-30;10;0;30;0
FR;79;2020-12-31;6;0;36;0
FR;79;2021-01-01;4;0;40;0
FR;79;2021-01-02;2;0;42;0
FR;79;2021-01-03;2;0;44;0
FR;79;2021-01-04;55;0;99;0
FR;79;2021-01-05;197;0;296;0
FR;79;2021-01-06;362;0;658;0
FR;79;2021-01-07;987;0;1645;0
FR;79;2021-01-08;1213;0;2858;0
FR;79;2021-01-09;443;0;3301;0
FR;79;2021-01-10;246;0;3547;0
FR;79;2021-01-11;1294;0;4841;0
FR;79;2021-01-12;2364;0;7205;0
FR;79;2021-01-13;2872;0;10077;0
FR;79;2021-01-14;4434;0;14511;0
FR;79;2021-01-15;5165;0;19676;0
FR;79;2021-01-16;2725;34;22401;34
FR;79;2021-01-17;1287;0;23688;34
FR;79;2021-01-18;18376;6;42064;40
FR;79;2021-01-19;23977;13;66041;53
FR;79;2021-01-20;25670;5;91711;58
FR;79;2021-01-21;27706;7;119417;65
FR;79;2021-01-22;25496;8;144913;73
FR;79;2021-01-23;10677;0;155590;73
FR;79;2021-01-24;2033;5;157623;78
FR;79;2021-01-25;20643;43;178266;121
FR;79;2021-01-26;23515;137;201781;258
FR;79;2021-01-27;22823;222;224604;480
FR;79;2021-01-28;23163;731;247767;1211
FR;79;2021-01-29;20660;691;268427;1902
FR;79;2021-01-30;7958;160;276385;2062
FR;79;2021-01-31;1112;88;277497;2150
FR;79;2021-02-01;14741;821;292238;2971
FR;79;2021-02-02;17478;1688;309716;4659
FR;79;2021-02-03;16754;1930;326470;6589
FR;79;2021-02-04;17755;2969;344225;9558
FR;79;2021-02-05;16501;2877;360726;12435
FR;79;2021-02-06;5911;1087;366637;13522
FR;79;2021-02-07;799;512;367436;14034
FR;79;2021-02-08;12134;5783;379570;19817
FR;79;2021-02-09;14483;7820;394053;27637
FR;79;2021-02-10;14344;8188;408397;35825
FR;79;2021-02-11;15619;9763;424016;45588
FR;79;2021-02-12;14874;9052;438890;54640
FR;79;2021-02-13;4747;3937;443637;58577
FR;79;2021-02-14;890;1059;444527;59636
FR;79;2021-02-15;6815;18592;451342;78228
FR;79;2021-02-16;8129;21431;459471;99659
FR;79;2021-02-17;8132;22766;467603;122425
FR;79;2021-02-18;10171;23232;477774;145657
FR;79;2021-02-19;10229;19218;488003;164875
FR;79;2021-02-20;3731;7974;491734;172849
FR;79;2021-02-21;544;1374;492278;174223
FR;79;2021-02-22;6951;20094;499229;194317
FR;79;2021-02-23;9627;21557;508856;215874
FR;79;2021-02-24;9957;20568;518813;236442
FR;79;2021-02-25;11680;20037;530493;256479
FR;79;2021-02-26;11979;17216;542472;273695
FR;79;2021-02-27;4294;6291;546766;279986
FR;79;2021-02-28;937;869;547703;280855
FR;79;2021-03-01;12109;15249;559812;296104
FR;79;2021-03-02;16340;17542;576152;313646
FR;79;2021-03-03;17962;16606;594114;330252
FR;79;2021-03-04;21285;16855;615399;347107
FR;79;2021-03-05;23839;14613;639238;361720
FR;79;2021-03-06;31487;4682;670725;366402
FR;79;2021-03-07;22732;614;693457;367016
FR;79;2021-03-08;18115;13628;711572;380644
FR;79;2021-03-09;27271;14757;738843;395401
FR;79;2021-03-10;28463;14091;767306;409492
FR;79;2021-03-11;34835;14006;802141;423498
FR;79;2021-03-12;37497;11730;839638;435228
FR;79;2021-03-13;29086;3893;868724;439121
FR;79;2021-03-14;10676;603;879400;439724
FR;79;2021-03-15;30162;7703;909562;447427
FR;79;2021-03-16;33865;8536;943427;455963
FR;79;2021-03-17;34747;8343;978174;464306
FR;79;2021-03-18;38066;8798;1016240;473104
FR;79;2021-03-19;39563;7788;1055803;480892
FR;79;2021-03-20;23352;2754;1079155;483646
FR;79;2021-03-21;6692;423;1085847;484069
FR;79;2021-03-22;31118;8533;1116965;492602
FR;79;2021-03-23;40713;10031;1157678;502633
FR;79;2021-03-24;39485;10540;1197163;513173
FR;79;2021-03-25;47480;10180;1244643;523353
FR;79;2021-03-26;45552;9602;1290195;532955
FR;79;2021-03-27;21411;4129;1311606;537084
FR;79;2021-03-28;5989;1347;1317595;538431
FR;79;2021-03-29;26328;14006;1343923;552437
FR;79;2021-03-30;33164;18266;1377087;570703
FR;79;2021-03-31;28646;19275;1405733;589978
FR;80;2020-12-27;10;0;10;0
FR;80;2020-12-28;40;0;50;0
FR;80;2020-12-29;81;0;131;0
FR;80;2020-12-30;72;0;203;0
FR;80;2020-12-31;51;0;254;0
FR;80;2021-01-01;8;0;262;0
FR;80;2021-01-02;10;0;272;0
FR;80;2021-01-03;1;0;273;0
FR;80;2021-01-04;304;0;577;0
FR;80;2021-01-05;938;0;1515;0
FR;80;2021-01-06;1734;0;3249;0
FR;80;2021-01-07;6461;0;9710;0
FR;80;2021-01-08;5864;0;15574;0
FR;80;2021-01-09;1023;0;16597;0
FR;80;2021-01-10;328;0;16925;0
FR;80;2021-01-11;4580;0;21505;0
FR;80;2021-01-12;12870;0;34375;0
FR;80;2021-01-13;12683;0;47058;0
FR;80;2021-01-14;18660;0;65718;0
FR;80;2021-01-15;12798;0;78516;0
FR;80;2021-01-16;4471;115;82987;115
FR;80;2021-01-17;3942;1;86929;116
FR;80;2021-01-18;31256;16;118185;132
FR;80;2021-01-19;57286;74;175471;206
FR;80;2021-01-20;63333;45;238804;251
FR;80;2021-01-21;74151;35;312955;286
FR;80;2021-01-22;52191;43;365146;329
FR;80;2021-01-23;17957;3;383103;332
FR;80;2021-01-24;4614;2;387717;334
FR;80;2021-01-25;35608;200;423325;534
FR;80;2021-01-26;48639;780;471964;1314
FR;80;2021-01-27;54672;1353;526636;2667
FR;80;2021-01-28;63560;5194;590196;7861
FR;80;2021-01-29;42600;4078;632796;11939
FR;80;2021-01-30;14598;671;647394;12610
FR;80;2021-01-31;2518;247;649912;12857
FR;80;2021-02-01;25281;3252;675193;16109
FR;80;2021-02-02;36257;9955;711450;26064
FR;80;2021-02-03;37009;9724;748459;35788
FR;80;2021-02-04;40806;16019;789265;51807
FR;80;2021-02-05;32318;10081;821583;61888
FR;80;2021-02-06;10696;2166;832279;64054
FR;80;2021-02-07;1578;2171;833857;66225
FR;80;2021-02-08;21233;13071;855090;79296
FR;80;2021-02-09;28136;30944;883226;110240
FR;80;2021-02-10;28614;34147;911840;144387
FR;80;2021-02-11;32774;45651;944614;190038
FR;80;2021-02-12;28926;25236;973540;215274
FR;80;2021-02-13;8670;6482;982210;221756
FR;80;2021-02-14;1660;2661;983870;224417
FR;80;2021-02-15;12123;29523;995993;253940
FR;80;2021-02-16;16711;41441;1012704;295381
FR;80;2021-02-17;17069;49688;1029773;345069
FR;80;2021-02-18;22787;59815;1052560;404884
FR;80;2021-02-19;20483;39303;1073043;444187
FR;80;2021-02-20;6874;13290;1079917;457477
FR;80;2021-02-21;1001;2585;1080918;460062
FR;80;2021-02-22;12054;32327;1092972;492389
FR;80;2021-02-23;18346;40340;1111318;532729
FR;80;2021-02-24;19316;40785;1130634;573514
FR;80;2021-02-25;23668;43572;1154302;617086
FR;80;2021-02-26;22167;32106;1176469;649192
FR;80;2021-02-27;7621;11189;1184090;660381
FR;80;2021-02-28;1385;1790;1185475;662171
FR;80;2021-03-01;20237;24957;1205712;687128
FR;80;2021-03-02;28907;31622;1234619;718750
FR;80;2021-03-03;30824;31142;1265443;749892
FR;80;2021-03-04;36698;33531;1302141;783423
FR;80;2021-03-05;38375;28468;1340516;811891
FR;80;2021-03-06;44551;8422;1385067;820313
FR;80;2021-03-07;31970;1133;1417037;821446
FR;80;2021-03-08;29081;22857;1446118;844303
FR;80;2021-03-09;43542;25834;1489660;870137
FR;80;2021-03-10;45945;26666;1535605;896803
FR;80;2021-03-11;54835;28683;1590440;925486
FR;80;2021-03-12;55552;23633;1645992;949119
FR;80;2021-03-13;39514;7092;1685506;956211
FR;80;2021-03-14;14817;1111;1700323;957322
FR;80;2021-03-15;47059;13541;1747382;970863
FR;80;2021-03-16;55325;16813;1802707;987676
FR;80;2021-03-17;57877;15841;1860584;1003517
FR;80;2021-03-18;62144;18744;1922728;1022261
FR;80;2021-03-19;61091;15137;1983819;1037398
FR;80;2021-03-20;33007;4989;2016826;1042387
FR;80;2021-03-21;9296;631;2026122;1043018
FR;80;2021-03-22;45878;13975;2072000;1056993
FR;80;2021-03-23;59179;18118;2131179;1075111
FR;80;2021-03-24;58264;19007;2189443;1094118
FR;80;2021-03-25;67492;19621;2256935;1113739
FR;80;2021-03-26;63766;17920;2320701;1131659
FR;80;2021-03-27;28358;7458;2349059;1139117
FR;80;2021-03-28;7267;1918;2356326;1141035
FR;80;2021-03-29;34694;23429;2391020;1164464
FR;80;2021-03-30;44785;31383;2435805;1195847
FR;80;2021-03-31;40763;33250;2476568;1229097
FR;0;2020-12-27;17;0;17;0
FR;0;2020-12-28;58;0;75;0
FR;0;2020-12-29;106;0;181;0
FR;0;2020-12-30;112;0;293;0
FR;0;2020-12-31;81;0;374;0
FR;0;2021-01-01;52;0;426;0
FR;0;2021-01-02;71;0;497;0
FR;0;2021-01-03;85;0;582;0
FR;0;2021-01-04;1460;0;2042;0
FR;0;2021-01-05;5325;0;7367;0
FR;0;2021-01-06;11215;0;18582;0
FR;0;2021-01-07;28371;0;46953;0
FR;0;2021-01-08;35798;0;82751;0
FR;0;2021-01-09;10852;0;93603;0
FR;0;2021-01-10;5595;0;99198;0
FR;0;2021-01-11;38588;0;137786;0
FR;0;2021-01-12;59909;0;197695;0
FR;0;2021-01-13;62941;0;260636;0
FR;0;2021-01-14;78981;0;339617;0
FR;0;2021-01-15;66646;0;406263;0
FR;0;2021-01-16;19550;596;425813;596
FR;0;2021-01-17;10424;6;436237;602
FR;0;2021-01-18;83837;34;520074;636
FR;0;2021-01-19;127436;114;647510;750
FR;0;2021-01-20;133938;62;781448;812
FR;0;2021-01-21;153917;70;935365;882
FR;0;2021-01-22;117432;126;1052797;1008
FR;0;2021-01-23;37686;56;1090483;1064
FR;0;2021-01-24;9298;92;1099781;1156
FR;0;2021-01-25;76367;1420;1176148;2576
FR;0;2021-01-26;97946;3792;1274094;6368
FR;0;2021-01-27;105109;6666;1379203;13034
FR;0;2021-01-28;121317;17233;1500520;30267
FR;0;2021-01-29;90225;19372;1590745;49639
FR;0;2021-01-30;28578;4587;1619323;54226
FR;0;2021-01-31;4849;1886;1624172;56112
FR;0;2021-02-01;51224;23715;1675396;79827
FR;0;2021-02-02;69990;40067;1745386;119894
FR;0;2021-02-03;70505;41257;1815891;161151
FR;0;2021-02-04;79771;57539;1895662;218690
FR;0;2021-02-05;66432;48545;1962094;267235
FR;0;2021-02-06;21165;11177;1983259;278412
FR;0;2021-02-07;4804;6371;1988063;284783
FR;0;2021-02-08;45620;49213;2033683;333996
FR;0;2021-02-09;64338;81167;2098021;415163
FR;0;2021-02-10;68557;85935;2166578;501098
FR;0;2021-02-11;84572;108120;2251150;609218
FR;0;2021-02-12;76810;74496;2327960;683714
FR;0;2021-02-13;21491;18269;2349451;701983
FR;0;2021-02-14;4527;6610;2353978;708593
FR;0;2021-02-15;36629;74154;2390607;782747
FR;0;2021-02-16;48603;95395;2439210;878142
FR;0;2021-02-17;48826;106484;2488036;984626
FR;0;2021-02-18;66703;123916;2554739;1108542
FR;0;2021-02-19;62845;89657;2617584;1198199
FR;0;2021-02-20;17820;27388;2635404;1225587
FR;0;2021-02-21;2835;5339;2638239;1230926
FR;0;2021-02-22;35888;69939;2674127;1300865
FR;0;2021-02-23;51857;82800;2725984;1383665
FR;0;2021-02-24;57057;81650;2783041;1465315
FR;0;2021-02-25;96925;87399;2879966;1552714
FR;0;2021-02-26;110072;67869;2990038;1620583
FR;0;2021-02-27;50122;21833;3040160;1642416
FR;0;2021-02-28;5583;3558;3045743;1645974
FR;0;2021-03-01;62368;51590;3108111;1697564
FR;0;2021-03-02;97704;65603;3205815;1763167
FR;0;2021-03-03;111442;63582;3317257;1826749
FR;0;2021-03-04;155566;72087;3472823;1898836
FR;0;2021-03-05;193913;60159;3666736;1958995
FR;0;2021-03-06;200052;16442;3866788;1975437
FR;0;2021-03-07;117441;2306;3984229;1977743
FR;0;2021-03-08;102599;46328;4086828;2024071
FR;0;2021-03-09;166387;53351;4253215;2077422
FR;0;2021-03-10;171783;54901;4424998;2132323
FR;0;2021-03-11;234508;62000;4659506;2194323
FR;0;2021-03-12;285613;50972;4945119;2245295
FR;0;2021-03-13;222981;14485;5168100;2259780
FR;0;2021-03-14;61092;2362;5229192;2262142
FR;0;2021-03-15;152691;28900;5381883;2291042
FR;0;2021-03-16;136700;36574;5518583;2327616
FR;0;2021-03-17;144280;35232;5662863;2362848
FR;0;2021-03-18;161130;41800;5823993;2404648
FR;0;2021-03-19;221674;34111;6045667;2438759
FR;0;2021-03-20;161608;10510;6207275;2449269
FR;0;2021-03-21;48037;1423;6255312;2450692
FR;0;2021-03-22;163825;31204;6419137;2481896
FR;0;2021-03-23;241749;39991;6660886;2521887
FR;0;2021-03-24;249147;41054;6910033;2562941
FR;0;2021-03-25;329458;42631;7239491;2605572
FR;0;2021-03-26;347109;39035;7586600;2644607
FR;0;2021-03-27;189753;15964;7776353;2660571
FR;0;2021-03-28;57059;4616;7833412;2665187
FR;0;2021-03-29;192774;49899;8026186;2715086
FR;0;2021-03-30;269077;66318;8295263;2781404
FR;0;2021-03-31;240487;69653;8535750;2851057
