fra;jour;n_dose1;n_dose2;n_cum_dose1;couv_dose1;n_cum_dose2;couv_dose2
FR;2020-12-27;16;0;16;0.0;0;0.0
FR;2020-12-28;57;0;73;0.0;0;0.0
FR;2020-12-29;104;0;177;0.0;0;0.0
FR;2020-12-30;110;0;287;0.0;0;0.0
FR;2020-12-31;81;0;368;0.0;0;0.0
FR;2021-01-01;50;0;418;0.0;0;0.0
FR;2021-01-02;71;0;489;0.0;0;0.0
FR;2021-01-03;85;0;574;0.0;0;0.0
FR;2021-01-04;1460;0;2034;0.0;0;0.0
FR;2021-01-05;5324;0;7358;0.0;0;0.0
FR;2021-01-06;11204;0;18562;0.0;0;0.0
FR;2021-01-07;28346;0;46908;0.1;0;0.0
FR;2021-01-08;35773;0;82681;0.1;0;0.0
FR;2021-01-09;10849;0;93530;0.1;0;0.0
FR;2021-01-10;5593;0;99123;0.1;0;0.0
FR;2021-01-11;38494;0;137617;0.2;0;0.0
FR;2021-01-12;59789;0;197406;0.3;0;0.0
FR;2021-01-13;62776;0;260182;0.4;0;0.0
FR;2021-01-14;78925;0;339107;0.5;0;0.0
FR;2021-01-15;66599;0;405706;0.6;0;0.0
FR;2021-01-16;19548;596;425254;0.6;596;0.0
FR;2021-01-17;10424;6;435678;0.6;602;0.0
FR;2021-01-18;83663;34;519341;0.8;636;0.0
FR;2021-01-19;127397;114;646738;1.0;750;0.0
FR;2021-01-20;133841;62;780579;1.2;812;0.0
FR;2021-01-21;153809;70;934388;1.4;882;0.0
FR;2021-01-22;117360;123;1051748;1.6;1005;0.0
FR;2021-01-23;37682;56;1089430;1.6;1061;0.0
FR;2021-01-24;9296;92;1098726;1.6;1153;0.0
FR;2021-01-25;76287;1412;1175013;1.8;2565;0.0
FR;2021-01-26;97858;3792;1272871;1.9;6357;0.0
FR;2021-01-27;104932;6656;1377803;2.1;13013;0.0
FR;2021-01-28;121204;17220;1499007;2.2;30233;0.0
FR;2021-01-29;90096;19355;1589103;2.4;49588;0.1
FR;2021-01-30;28577;4585;1617680;2.4;54173;0.1
FR;2021-01-31;4848;1886;1622528;2.4;56059;0.1
FR;2021-02-01;51175;23698;1673703;2.5;79757;0.1
FR;2021-02-02;69967;39994;1743670;2.6;119751;0.2
FR;2021-02-03;70487;41151;1814157;2.7;160902;0.2
FR;2021-02-04;79626;57471;1893783;2.8;218373;0.3
FR;2021-02-05;66368;48456;1960151;2.9;266829;0.4
FR;2021-02-06;21160;11173;1981311;3.0;278002;0.4
FR;2021-02-07;4801;6370;1986112;3.0;284372;0.4
FR;2021-02-08;45605;49074;2031717;3.0;333446;0.5
FR;2021-02-09;64278;80948;2095995;3.1;414394;0.6
FR;2021-02-10;68490;85683;2164485;3.2;500077;0.7
FR;2021-02-11;84436;107964;2248921;3.4;608041;0.9
FR;2021-02-12;76691;74427;2325612;3.5;682468;1.0
FR;2021-02-13;21487;18267;2347099;3.5;700735;1.0
FR;2021-02-14;4527;6609;2351626;3.5;707344;1.1
FR;2021-02-15;36589;73956;2388215;3.6;781300;1.2
FR;2021-02-16;48586;95235;2436801;3.6;876535;1.3
FR;2021-02-17;48778;106233;2485579;3.7;982768;1.5
FR;2021-02-18;66605;123735;2552184;3.8;1106503;1.6
FR;2021-02-19;62792;89510;2614976;3.9;1196013;1.8
FR;2021-02-20;17814;27386;2632790;3.9;1223399;1.8
FR;2021-02-21;2833;5338;2635623;3.9;1228737;1.8
FR;2021-02-22;35841;69844;2671464;4.0;1298581;1.9
FR;2021-02-23;51760;82687;2723224;4.1;1381268;2.1
FR;2021-02-24;56822;81443;2780046;4.1;1462711;2.2
FR;2021-02-25;96692;87182;2876738;4.3;1549893;2.3
FR;2021-02-26;109762;67820;2986500;4.4;1617713;2.4
FR;2021-02-27;50079;21822;3036579;4.5;1639535;2.4
FR;2021-02-28;5579;3557;3042158;4.5;1643092;2.4
FR;2021-03-01;61537;51577;3103695;4.6;1694669;2.5
FR;2021-03-02;96907;65535;3200602;4.8;1760204;2.6
FR;2021-03-03;110867;63435;3311469;4.9;1823639;2.7
FR;2021-03-04;154762;71945;3466231;5.2;1895584;2.8
FR;2021-03-05;193417;60087;3659648;5.5;1955671;2.9
FR;2021-03-06;199885;16429;3859533;5.8;1972100;2.9
FR;2021-03-07;116892;2305;3976425;5.9;1974405;2.9
FR;2021-03-08;102345;46299;4078770;6.1;2020704;3.0
FR;2021-03-09;165951;53269;4244721;6.3;2073973;3.1
FR;2021-03-10;171156;54845;4415877;6.6;2128818;3.2
FR;2021-03-11;234130;61875;4650007;6.9;2190693;3.3
FR;2021-03-12;284935;50874;4934942;7.4;2241567;3.3
FR;2021-03-13;222826;14464;5157768;7.7;2256031;3.4
FR;2021-03-14;61065;2361;5218833;7.8;2258392;3.4
FR;2021-03-15;152334;28862;5371167;8.0;2287254;3.4
FR;2021-03-16;136274;36516;5507441;8.2;2323770;3.5
FR;2021-03-17;143538;35018;5650979;8.4;2358788;3.5
FR;2021-03-18;160329;41505;5811308;8.7;2400293;3.6
FR;2021-03-19;221005;33882;6032313;9.0;2434175;3.6
FR;2021-03-20;161480;10486;6193793;9.2;2444661;3.6
FR;2021-03-21;48002;1423;6241795;9.3;2446084;3.6
FR;2021-03-22;163417;31058;6405212;9.5;2477142;3.7
FR;2021-03-23;241052;39809;6646264;9.9;2516951;3.8
FR;2021-03-24;246355;40349;6892619;10.3;2557300;3.8
FR;2021-03-25;324551;41786;7217170;10.8;2599086;3.9
FR;2021-03-26;340414;37452;7557584;11.3;2636538;3.9
FR;2021-03-27;187109;15719;7744693;11.5;2652257;4.0
FR;2021-03-28;53398;3186;7798091;11.6;2655443;4.0
