reg;jour;n_dose1;n_dose2;n_cum_dose1;n_cum_dose2;couv_dose1;couv_dose2
01;2021-01-08;1;0;1;0;0.0;0.0
01;2021-01-09;2;0;3;0;0.0;0.0
01;2021-01-12;20;0;23;0;0.0;0.0
01;2021-01-13;17;0;40;0;0.0;0.0
01;2021-01-14;35;0;75;0;0.0;0.0
01;2021-01-15;31;0;106;0;0.0;0.0
01;2021-01-18;62;0;168;0;0.0;0.0
01;2021-01-19;104;0;272;0;0.1;0.0
01;2021-01-20;64;0;336;0;0.1;0.0
01;2021-01-21;95;0;431;0;0.1;0.0
01;2021-01-22;54;0;485;0;0.1;0.0
01;2021-01-25;83;0;568;0;0.2;0.0
01;2021-01-26;99;1;667;1;0.2;0.0
01;2021-01-27;200;0;867;1;0.2;0.0
01;2021-01-28;107;2;974;3;0.3;0.0
01;2021-01-29;92;0;1066;3;0.3;0.0
01;2021-01-30;2;0;1068;3;0.3;0.0
01;2021-02-01;94;5;1162;8;0.3;0.0
01;2021-02-02;136;24;1298;32;0.3;0.0
01;2021-02-03;132;7;1430;39;0.4;0.0
01;2021-02-04;129;25;1559;64;0.4;0.0
01;2021-02-05;148;28;1707;92;0.5;0.0
01;2021-02-06;1;0;1708;92;0.5;0.0
01;2021-02-08;105;20;1813;112;0.5;0.0
01;2021-02-09;205;37;2018;149;0.5;0.0
01;2021-02-10;125;40;2143;189;0.6;0.1
01;2021-02-11;166;108;2309;297;0.6;0.1
01;2021-02-12;212;37;2521;334;0.7;0.1
01;2021-02-13;0;9;2521;343;0.7;0.1
01;2021-02-14;12;32;2533;375;0.7;0.1
01;2021-02-15;92;31;2625;406;0.7;0.1
01;2021-02-16;13;0;2638;406;0.7;0.1
01;2021-02-18;126;36;2764;442;0.7;0.1
01;2021-02-19;173;58;2937;500;0.8;0.1
01;2021-02-22;102;47;3039;547;0.8;0.1
01;2021-02-23;154;86;3193;633;0.8;0.2
01;2021-02-24;193;110;3386;743;0.9;0.2
01;2021-02-25;152;75;3538;818;0.9;0.2
01;2021-02-26;92;97;3630;915;1.0;0.2
01;2021-03-01;51;83;3681;998;1.0;0.3
01;2021-03-02;156;135;3837;1133;1.0;0.3
01;2021-03-03;54;102;3891;1235;1.0;0.3
01;2021-03-04;101;84;3992;1319;1.1;0.3
01;2021-03-05;176;120;4168;1439;1.1;0.4
01;2021-03-06;74;0;4242;1439;1.1;0.4
01;2021-03-08;65;91;4307;1530;1.1;0.4
01;2021-03-09;137;155;4444;1685;1.2;0.4
02;2021-01-06;5;0;5;0;0.0;0.0
02;2021-01-07;31;0;36;0;0.0;0.0
02;2021-01-08;79;0;115;0;0.0;0.0
02;2021-01-09;20;0;135;0;0.0;0.0
02;2021-01-11;117;0;252;0;0.1;0.0
02;2021-01-12;78;0;330;0;0.1;0.0
02;2021-01-13;64;0;394;0;0.1;0.0
02;2021-01-14;81;0;475;0;0.1;0.0
02;2021-01-15;130;0;605;0;0.2;0.0
02;2021-01-16;51;1;656;1;0.2;0.0
02;2021-01-18;157;0;813;1;0.2;0.0
02;2021-01-19;140;0;953;1;0.3;0.0
02;2021-01-20;163;0;1116;1;0.3;0.0
02;2021-01-21;181;0;1297;1;0.4;0.0
02;2021-01-22;156;0;1453;1;0.4;0.0
02;2021-01-23;58;0;1511;1;0.4;0.0
02;2021-01-25;156;0;1667;1;0.5;0.0
02;2021-01-26;132;0;1799;1;0.5;0.0
02;2021-01-27;158;6;1957;7;0.5;0.0
02;2021-01-28;143;24;2100;31;0.6;0.0
02;2021-01-29;143;57;2243;88;0.6;0.0
02;2021-01-30;95;16;2338;104;0.7;0.0
02;2021-02-01;114;105;2452;209;0.7;0.1
02;2021-02-02;183;81;2635;290;0.7;0.1
02;2021-02-03;127;69;2762;359;0.8;0.1
02;2021-02-04;156;61;2918;420;0.8;0.1
02;2021-02-05;120;87;3038;507;0.8;0.1
02;2021-02-06;62;25;3100;532;0.9;0.1
02;2021-02-07;1;0;3101;532;0.9;0.1
02;2021-02-08;135;93;3236;625;0.9;0.2
02;2021-02-09;171;70;3407;695;0.9;0.2
02;2021-02-10;137;89;3544;784;1.0;0.2
02;2021-02-11;131;108;3675;892;1.0;0.2
02;2021-02-12;122;124;3797;1016;1.1;0.3
02;2021-02-13;32;38;3829;1054;1.1;0.3
02;2021-02-15;42;63;3871;1117;1.1;0.3
02;2021-02-17;0;1;3871;1118;1.1;0.3
02;2021-02-18;64;129;3935;1247;1.1;0.3
02;2021-02-19;69;126;4004;1373;1.1;0.4
02;2021-02-20;48;68;4052;1441;1.1;0.4
02;2021-02-22;96;134;4148;1575;1.2;0.4
02;2021-02-23;112;219;4260;1794;1.2;0.5
02;2021-02-24;92;169;4352;1963;1.2;0.5
02;2021-02-25;78;149;4430;2112;1.2;0.6
02;2021-02-26;111;164;4541;2276;1.3;0.6
02;2021-02-27;68;51;4609;2327;1.3;0.6
02;2021-03-01;137;137;4746;2464;1.3;0.7
02;2021-03-02;155;114;4901;2578;1.4;0.7
02;2021-03-03;176;102;5077;2680;1.4;0.7
02;2021-03-04;141;121;5218;2801;1.5;0.8
02;2021-03-05;230;115;5448;2916;1.5;0.8
02;2021-03-06;116;59;5564;2975;1.6;0.8
02;2021-03-07;95;0;5659;2975;1.6;0.8
02;2021-03-08;189;124;5848;3099;1.6;0.9
02;2021-03-09;262;104;6110;3203;1.7;0.9
03;2021-01-13;30;0;30;0;0.0;0.0
03;2021-01-14;46;0;76;0;0.0;0.0
03;2021-01-15;34;0;110;0;0.0;0.0
03;2021-01-16;18;0;128;0;0.0;0.0
03;2021-01-18;61;0;189;0;0.1;0.0
03;2021-01-19;142;0;331;0;0.1;0.0
03;2021-01-20;132;0;463;0;0.2;0.0
03;2021-01-21;116;0;579;0;0.2;0.0
03;2021-01-22;75;0;654;0;0.2;0.0
03;2021-01-25;56;0;710;0;0.2;0.0
03;2021-01-26;98;0;808;0;0.3;0.0
03;2021-01-27;109;0;917;0;0.3;0.0
03;2021-01-28;96;2;1013;2;0.3;0.0
03;2021-01-29;103;2;1116;4;0.4;0.0
03;2021-02-01;54;0;1170;4;0.4;0.0
03;2021-02-02;122;4;1292;8;0.4;0.0
03;2021-02-03;113;18;1405;26;0.5;0.0
03;2021-02-04;79;37;1484;63;0.5;0.0
03;2021-02-05;55;7;1539;70;0.5;0.0
03;2021-02-08;50;12;1589;82;0.5;0.0
03;2021-02-09;91;38;1680;120;0.6;0.0
03;2021-02-10;98;76;1778;196;0.6;0.1
03;2021-02-11;81;71;1859;267;0.6;0.1
03;2021-02-12;65;43;1924;310;0.7;0.1
03;2021-02-15;26;63;1950;373;0.7;0.1
03;2021-02-16;118;50;2068;423;0.7;0.1
03;2021-02-17;132;123;2200;546;0.8;0.2
03;2021-02-18;100;140;2300;686;0.8;0.2
03;2021-02-19;119;72;2419;758;0.8;0.3
03;2021-02-22;78;48;2497;806;0.9;0.3
03;2021-02-23;152;93;2649;899;0.9;0.3
03;2021-02-24;182;119;2831;1018;1.0;0.4
03;2021-02-25;252;89;3083;1107;1.1;0.4
03;2021-02-26;249;67;3332;1174;1.1;0.4
03;2021-02-27;112;1;3444;1175;1.2;0.4
03;2021-03-01;173;87;3617;1262;1.2;0.4
03;2021-03-02;243;104;3860;1366;1.3;0.5
03;2021-03-03;249;119;4109;1485;1.4;0.5
03;2021-03-04;259;69;4368;1554;1.5;0.5
03;2021-03-05;238;45;4606;1599;1.6;0.6
03;2021-03-06;115;0;4721;1599;1.6;0.6
03;2021-03-08;184;33;4905;1632;1.7;0.6
03;2021-03-09;275;72;5180;1704;1.8;0.6
04;2021-01-01;1;0;1;0;0.0;0.0
04;2021-01-05;2;0;3;0;0.0;0.0
04;2021-01-09;1;0;4;0;0.0;0.0
04;2021-01-15;313;0;317;0;0.0;0.0
04;2021-01-16;26;0;343;0;0.0;0.0
04;2021-01-18;49;0;392;0;0.0;0.0
04;2021-01-19;393;0;785;0;0.1;0.0
04;2021-01-20;435;0;1220;0;0.1;0.0
04;2021-01-21;605;0;1825;0;0.2;0.0
04;2021-01-22;409;0;2234;0;0.3;0.0
04;2021-01-23;75;0;2309;0;0.3;0.0
04;2021-01-25;271;0;2580;0;0.3;0.0
04;2021-01-26;429;0;3009;0;0.3;0.0
04;2021-01-27;317;0;3326;0;0.4;0.0
04;2021-01-28;402;0;3728;0;0.4;0.0
04;2021-01-29;418;2;4146;2;0.5;0.0
04;2021-01-30;418;0;4564;2;0.5;0.0
04;2021-02-01;372;4;4936;6;0.6;0.0
04;2021-02-02;496;3;5432;9;0.6;0.0
04;2021-02-03;577;13;6009;22;0.7;0.0
04;2021-02-04;603;17;6612;39;0.8;0.0
04;2021-02-05;560;239;7172;278;0.8;0.0
04;2021-02-06;496;3;7668;281;0.9;0.0
04;2021-02-08;464;31;8132;312;0.9;0.0
04;2021-02-09;769;112;8901;424;1.0;0.0
04;2021-02-10;709;92;9610;516;1.1;0.1
04;2021-02-11;751;104;10361;620;1.2;0.1
04;2021-02-12;633;78;10994;698;1.3;0.1
04;2021-02-13;538;19;11532;717;1.3;0.1
04;2021-02-14;1;0;11533;717;1.3;0.1
04;2021-02-15;520;152;12053;869;1.4;0.1
04;2021-02-16;619;478;12672;1347;1.5;0.2
04;2021-02-17;525;368;13197;1715;1.5;0.2
04;2021-02-18;478;436;13675;2151;1.6;0.3
04;2021-02-19;498;283;14173;2434;1.6;0.3
04;2021-02-20;572;105;14745;2539;1.7;0.3
04;2021-02-22;400;231;15145;2770;1.8;0.3
04;2021-02-23;603;236;15748;3006;1.8;0.3
04;2021-02-24;560;261;16308;3267;1.9;0.4
04;2021-02-25;622;297;16930;3564;2.0;0.4
04;2021-02-26;454;434;17384;3998;2.0;0.5
04;2021-02-27;342;402;17726;4400;2.1;0.5
04;2021-03-01;279;387;18005;4787;2.1;0.6
04;2021-03-02;459;592;18464;5379;2.1;0.6
04;2021-03-03;724;642;19188;6021;2.2;0.7
04;2021-03-04;728;546;19916;6567;2.3;0.8
04;2021-03-05;716;486;20632;7053;2.4;0.8
04;2021-03-06;805;425;21437;7478;2.5;0.9
04;2021-03-08;425;483;21862;7961;2.5;0.9
04;2021-03-09;608;664;22470;8625;2.6;1.0
06;2021-01-11;9;0;9;0;0.0;0.0
06;2021-01-23;1;0;10;0;0.0;0.0
06;2021-01-25;133;0;143;0;0.1;0.0
06;2021-01-26;155;1;298;1;0.1;0.0
06;2021-01-27;234;0;532;1;0.2;0.0
06;2021-01-28;92;0;624;1;0.2;0.0
06;2021-01-29;222;1;846;2;0.3;0.0
06;2021-01-30;283;0;1129;2;0.4;0.0
06;2021-01-31;1;0;1130;2;0.4;0.0
06;2021-02-01;100;2;1230;4;0.4;0.0
06;2021-02-02;327;0;1557;4;0.6;0.0
06;2021-02-03;213;0;1770;4;0.6;0.0
06;2021-02-04;213;0;1983;4;0.7;0.0
06;2021-02-05;211;0;2194;4;0.8;0.0
06;2021-02-06;82;0;2276;4;0.8;0.0
06;2021-02-08;72;2;2348;6;0.8;0.0
06;2021-02-09;156;2;2504;8;0.9;0.0
06;2021-02-10;149;0;2653;8;0.9;0.0
06;2021-02-11;217;0;2870;8;1.0;0.0
06;2021-02-12;265;1;3135;9;1.1;0.0
06;2021-02-13;55;0;3190;9;1.1;0.0
06;2021-02-15;257;1;3447;10;1.2;0.0
06;2021-02-16;246;7;3693;17;1.3;0.0
06;2021-02-17;165;0;3858;17;1.4;0.0
06;2021-02-18;163;3;4021;20;1.4;0.0
06;2021-02-19;223;7;4244;27;1.5;0.0
06;2021-02-20;134;4;4378;31;1.6;0.0
06;2021-02-22;107;153;4485;184;1.6;0.1
06;2021-02-23;174;163;4659;347;1.7;0.1
06;2021-02-24;163;116;4822;463;1.7;0.2
06;2021-02-25;180;211;5002;674;1.8;0.2
06;2021-02-26;226;263;5228;937;1.9;0.3
06;2021-03-01;129;242;5357;1179;1.9;0.4
06;2021-03-02;194;253;5551;1432;2.0;0.5
06;2021-03-03;159;115;5710;1547;2.0;0.6
06;2021-03-04;174;83;5884;1630;2.1;0.6
06;2021-03-05;96;61;5980;1691;2.1;0.6
06;2021-03-08;119;23;6099;1714;2.2;0.6
06;2021-03-09;312;29;6411;1743;2.3;0.6
07;2021-01-15;1;0;1;0;0.0;0.0
07;2021-01-21;2;0;3;0;0.0;0.0
07;2021-01-28;1;0;4;0;0.0;0.0
07;2021-02-03;7;0;11;0;0.1;0.0
07;2021-02-04;12;0;23;0;0.2;0.0
07;2021-02-05;10;2;33;2;0.3;0.0
07;2021-02-08;9;0;42;2;0.4;0.0
07;2021-02-09;25;0;67;2;0.7;0.0
07;2021-02-10;18;0;85;2;0.9;0.0
07;2021-02-11;31;0;116;2;1.2;0.0
07;2021-02-12;21;0;137;2;1.4;0.0
07;2021-02-16;1;0;138;2;1.4;0.0
07;2021-02-17;0;1;138;3;1.4;0.0
07;2021-02-18;17;2;155;5;1.6;0.1
07;2021-02-19;22;0;177;5;1.8;0.1
07;2021-02-24;20;0;197;5;2.0;0.1
07;2021-02-25;13;10;210;15;2.1;0.2
07;2021-02-26;20;10;230;25;2.3;0.3
07;2021-03-02;14;13;244;38;2.4;0.4
07;2021-03-03;27;0;271;38;2.7;0.4
07;2021-03-04;25;20;296;58;3.0;0.6
07;2021-03-05;17;9;313;67;3.1;0.7
07;2021-03-08;1;0;314;67;3.2;0.7
07;2021-03-09;1;0;315;67;3.2;0.7
08;2021-02-02;3;0;3;0;0.0;0.0
08;2021-02-04;28;0;31;0;0.1;0.0
08;2021-02-19;1;0;32;0;0.1;0.0
08;2021-02-22;1;0;33;0;0.1;0.0
08;2021-02-23;3;0;36;0;0.1;0.0
08;2021-02-25;37;3;73;3;0.2;0.0
08;2021-02-26;32;4;105;7;0.3;0.0
08;2021-03-01;44;2;149;9;0.4;0.0
08;2021-03-02;5;41;154;50;0.4;0.1
08;2021-03-03;32;14;186;64;0.5;0.2
08;2021-03-04;25;20;211;84;0.6;0.2
08;2021-03-05;33;9;244;93;0.7;0.3
08;2021-03-08;29;7;273;100;0.8;0.3
08;2021-03-09;19;27;292;127;0.8;0.4
11;2020-12-27;10;0;10;0;0.0;0.0
11;2020-12-28;2;0;12;0;0.0;0.0
11;2020-12-29;55;0;67;0;0.0;0.0
11;2020-12-30;78;0;145;0;0.0;0.0
11;2020-12-31;36;0;181;0;0.0;0.0
11;2021-01-01;20;0;201;0;0.0;0.0
11;2021-01-02;57;0;258;0;0.0;0.0
11;2021-01-03;76;0;334;0;0.0;0.0
11;2021-01-04;540;0;874;0;0.0;0.0
11;2021-01-05;1984;0;2858;0;0.0;0.0
11;2021-01-06;2905;0;5763;0;0.0;0.0
11;2021-01-07;5156;0;10919;0;0.1;0.0
11;2021-01-08;6728;0;17647;0;0.1;0.0
11;2021-01-09;1850;0;19497;0;0.2;0.0
11;2021-01-10;1718;0;21215;0;0.2;0.0
11;2021-01-11;7605;0;28820;0;0.2;0.0
11;2021-01-12;9848;0;38668;0;0.3;0.0
11;2021-01-13;9523;0;48191;0;0.4;0.0
11;2021-01-14;9719;0;57910;0;0.5;0.0
11;2021-01-15;8517;0;66427;0;0.5;0.0
11;2021-01-16;2353;81;68780;81;0.6;0.0
11;2021-01-17;1070;1;69850;82;0.6;0.0
11;2021-01-18;11989;9;81839;91;0.7;0.0
11;2021-01-19;15427;31;97266;122;0.8;0.0
11;2021-01-20;17973;21;115239;143;0.9;0.0
11;2021-01-21;21669;35;136908;178;1.1;0.0
11;2021-01-22;16638;82;153546;260;1.3;0.0
11;2021-01-23;4908;30;158454;290;1.3;0.0
11;2021-01-24;1240;54;159694;344;1.3;0.0
11;2021-01-25;8730;184;168424;528;1.4;0.0
11;2021-01-26;12155;403;180579;931;1.5;0.0
11;2021-01-27;15995;763;196574;1694;1.6;0.0
11;2021-01-28;20038;1437;216612;3131;1.8;0.0
11;2021-01-29;15148;1557;231760;4688;1.9;0.0
11;2021-01-30;4418;142;236178;4830;1.9;0.0
11;2021-01-31;581;158;236759;4988;1.9;0.0
11;2021-02-01;7293;2486;244052;7474;2.0;0.1
11;2021-02-02;8227;3889;252279;11363;2.1;0.1
11;2021-02-03;8067;4808;260346;16171;2.1;0.1
11;2021-02-04;8728;6116;269074;22287;2.2;0.2
11;2021-02-05;8850;5965;277924;28252;2.3;0.2
11;2021-02-06;3229;1452;281153;29704;2.3;0.2
11;2021-02-07;576;1351;281729;31055;2.3;0.3
11;2021-02-08;6123;7144;287852;38199;2.3;0.3
11;2021-02-09;8270;11332;296122;49531;2.4;0.4
11;2021-02-10;9844;13623;305966;63154;2.5;0.5
11;2021-02-11;11765;15426;317731;78580;2.6;0.6
11;2021-02-12;11410;10826;329141;89406;2.7;0.7
11;2021-02-13;2626;1982;331767;91388;2.7;0.7
11;2021-02-14;290;602;332057;91990;2.7;0.7
11;2021-02-15;4276;10815;336333;102805;2.7;0.8
11;2021-02-16;5407;13555;341740;116360;2.8;0.9
11;2021-02-17;5531;16576;347271;132936;2.8;1.1
11;2021-02-18;8231;20718;355502;153654;2.9;1.3
11;2021-02-19;8622;14469;364124;168123;3.0;1.4
11;2021-02-20;1604;3799;365728;171922;3.0;1.4
11;2021-02-21;389;851;366117;172773;3.0;1.4
11;2021-02-22;4058;8998;370175;181771;3.0;1.5
11;2021-02-23;4729;10002;374904;191773;3.1;1.6
11;2021-02-24;5183;9593;380087;201366;3.1;1.6
11;2021-02-25;8149;10098;388236;211464;3.2;1.7
11;2021-02-26;10778;9502;399014;220966;3.2;1.8
11;2021-02-27;4910;3164;403924;224130;3.3;1.8
11;2021-02-28;648;545;404572;224675;3.3;1.8
11;2021-03-01;8190;7372;412762;232047;3.4;1.9
11;2021-03-02;13519;8953;426281;241000;3.5;2.0
11;2021-03-03;17565;9430;443846;250430;3.6;2.0
11;2021-03-04;25730;10487;469576;260917;3.8;2.1
11;2021-03-05;34015;9591;503591;270508;4.1;2.2
11;2021-03-06;44674;2563;548265;273071;4.5;2.2
11;2021-03-07;33233;503;581498;273574;4.7;2.2
11;2021-03-08;14567;5801;596065;279375;4.9;2.3
11;2021-03-09;22747;6183;618812;285558;5.0;2.3
24;2020-12-28;17;0;17;0;0.0;0.0
24;2020-12-29;9;0;26;0;0.0;0.0
24;2021-01-01;1;0;27;0;0.0;0.0
24;2021-01-04;24;0;51;0;0.0;0.0
24;2021-01-05;163;0;214;0;0.0;0.0
24;2021-01-06;327;0;541;0;0.0;0.0
24;2021-01-07;490;0;1031;0;0.0;0.0
24;2021-01-08;951;0;1982;0;0.1;0.0
24;2021-01-09;502;0;2484;0;0.1;0.0
24;2021-01-10;395;0;2879;0;0.1;0.0
24;2021-01-11;1278;0;4157;0;0.2;0.0
24;2021-01-12;2572;0;6729;0;0.3;0.0
24;2021-01-13;2141;0;8870;0;0.3;0.0
24;2021-01-14;2458;0;11328;0;0.4;0.0
24;2021-01-15;2056;0;13384;0;0.5;0.0
24;2021-01-16;851;56;14235;56;0.6;0.0
24;2021-01-17;312;1;14547;57;0.6;0.0
24;2021-01-18;3206;6;17753;63;0.7;0.0
24;2021-01-19;6269;17;24022;80;0.9;0.0
24;2021-01-20;7107;0;31129;80;1.2;0.0
24;2021-01-21;7349;1;38478;81;1.5;0.0
24;2021-01-22;5079;0;43557;81;1.7;0.0
24;2021-01-23;1269;1;44826;82;1.8;0.0
24;2021-01-24;225;0;45051;82;1.8;0.0
24;2021-01-25;3099;14;48150;96;1.9;0.0
24;2021-01-26;4642;94;52792;190;2.1;0.0
24;2021-01-27;5008;245;57800;435;2.3;0.0
24;2021-01-28;5595;535;63395;970;2.5;0.0
24;2021-01-29;3417;689;66812;1659;2.6;0.1
24;2021-01-30;1207;393;68019;2052;2.7;0.1
24;2021-01-31;251;348;68270;2400;2.7;0.1
24;2021-02-01;2170;973;70440;3373;2.8;0.1
24;2021-02-02;3012;2133;73452;5506;2.9;0.2
24;2021-02-03;3096;1754;76548;7260;3.0;0.3
24;2021-02-04;3226;1687;79774;8947;3.1;0.3
24;2021-02-05;2384;1271;82158;10218;3.2;0.4
24;2021-02-06;704;261;82862;10479;3.2;0.4
24;2021-02-07;133;31;82995;10510;3.2;0.4
24;2021-02-08;1968;1606;84963;12116;3.3;0.5
24;2021-02-09;3363;3716;88326;15832;3.5;0.6
24;2021-02-10;3989;4091;92315;19923;3.6;0.8
24;2021-02-11;4544;5296;96859;25219;3.8;1.0
24;2021-02-12;3435;3175;100294;28394;3.9;1.1
24;2021-02-13;834;690;101128;29084;4.0;1.1
24;2021-02-14;425;121;101553;29205;4.0;1.1
24;2021-02-15;1965;2941;103518;32146;4.0;1.3
24;2021-02-16;2762;4549;106280;36695;4.2;1.4
24;2021-02-17;2666;5135;108946;41830;4.3;1.6
24;2021-02-18;3415;5150;112361;46980;4.4;1.8
24;2021-02-19;3108;3373;115469;50353;4.5;2.0
24;2021-02-20;1283;939;116752;51292;4.6;2.0
24;2021-02-21;424;144;117176;51436;4.6;2.0
24;2021-02-22;1619;2741;118795;54177;4.6;2.1
24;2021-02-23;2324;3032;121119;57209;4.7;2.2
24;2021-02-24;2080;3307;123199;60516;4.8;2.4
24;2021-02-25;3541;3141;126740;63657;5.0;2.5
24;2021-02-26;4385;2581;131125;66238;5.1;2.6
24;2021-02-27;1863;908;132988;67146;5.2;2.6
24;2021-02-28;96;157;133084;67303;5.2;2.6
24;2021-03-01;2129;1927;135213;69230;5.3;2.7
24;2021-03-02;3373;2989;138586;72219;5.4;2.8
24;2021-03-03;3487;3457;142073;75676;5.6;3.0
24;2021-03-04;5157;3689;147230;79365;5.8;3.1
24;2021-03-05;6683;2551;153913;81916;6.0;3.2
24;2021-03-06;7210;603;161123;82519;6.3;3.2
24;2021-03-07;2230;156;163353;82675;6.4;3.2
24;2021-03-08;2616;2299;165969;84974;6.5;3.3
24;2021-03-09;5621;2629;171590;87603;6.7;3.4
27;2020-12-27;4;0;4;0;0.0;0.0
27;2020-12-29;19;0;23;0;0.0;0.0
27;2020-12-30;20;0;43;0;0.0;0.0
27;2021-01-03;1;0;44;0;0.0;0.0
27;2021-01-04;26;0;70;0;0.0;0.0
27;2021-01-05;261;0;331;0;0.0;0.0
27;2021-01-06;713;0;1044;0;0.0;0.0
27;2021-01-07;1551;0;2595;0;0.1;0.0
27;2021-01-08;1895;0;4490;0;0.2;0.0
27;2021-01-09;687;0;5177;0;0.2;0.0
27;2021-01-10;3;0;5180;0;0.2;0.0
27;2021-01-11;2400;0;7580;0;0.3;0.0
27;2021-01-12;3706;0;11286;0;0.4;0.0
27;2021-01-13;3755;0;15041;0;0.5;0.0
27;2021-01-14;4618;0;19659;0;0.7;0.0
27;2021-01-15;3532;0;23191;0;0.8;0.0
27;2021-01-16;783;40;23974;40;0.9;0.0
27;2021-01-17;116;0;24090;40;0.9;0.0
27;2021-01-18;6202;1;30292;41;1.1;0.0
27;2021-01-19;8313;24;38605;65;1.4;0.0
27;2021-01-20;7862;20;46467;85;1.7;0.0
27;2021-01-21;9312;1;55779;86;2.0;0.0
27;2021-01-22;7630;1;63409;87;2.3;0.0
27;2021-01-23;2973;0;66382;87;2.4;0.0
27;2021-01-24;346;0;66728;87;2.4;0.0
27;2021-01-25;5203;17;71931;104;2.6;0.0
27;2021-01-26;7330;307;79261;411;2.8;0.0
27;2021-01-27;7024;622;86285;1033;3.1;0.0
27;2021-01-28;6150;1189;92435;2222;3.3;0.1
27;2021-01-29;5818;1458;98253;3680;3.5;0.1
27;2021-01-30;2466;351;100719;4031;3.6;0.1
27;2021-01-31;250;3;100969;4034;3.6;0.1
27;2021-02-01;3355;1726;104324;5760;3.7;0.2
27;2021-02-02;4044;2834;108368;8594;3.9;0.3
27;2021-02-03;3618;2952;111986;11546;4.0;0.4
27;2021-02-04;3691;3352;115677;14898;4.2;0.5
27;2021-02-05;3230;2637;118907;17535;4.3;0.6
27;2021-02-06;1602;654;120509;18189;4.3;0.7
27;2021-02-07;5;4;120514;18193;4.3;0.7
27;2021-02-08;2906;2625;123420;20818;4.4;0.7
27;2021-02-09;3007;3761;126427;24579;4.5;0.9
27;2021-02-10;3007;3882;129434;28461;4.7;1.0
27;2021-02-11;3188;5067;132622;33528;4.8;1.2
27;2021-02-12;2701;4035;135323;37563;4.9;1.3
27;2021-02-13;976;1426;136299;38989;4.9;1.4
27;2021-02-14;259;220;136558;39209;4.9;1.4
27;2021-02-15;1223;5222;137781;44431;5.0;1.6
27;2021-02-16;1484;7232;139265;51663;5.0;1.9
27;2021-02-17;1767;6748;141032;58411;5.1;2.1
27;2021-02-18;2067;6201;143099;64612;5.1;2.3
27;2021-02-19;1678;5445;144777;70057;5.2;2.5
27;2021-02-20;688;2053;145465;72110;5.2;2.6
27;2021-02-21;0;149;145465;72259;5.2;2.6
27;2021-02-22;928;4707;146393;76966;5.3;2.8
27;2021-02-23;1183;5105;147576;82071;5.3;2.9
27;2021-02-24;1446;4732;149022;86803;5.4;3.1
27;2021-02-25;2856;4805;151878;91608;5.5;3.3
27;2021-02-26;3592;3907;155470;95515;5.6;3.4
27;2021-02-27;1879;1925;157349;97440;5.7;3.5
27;2021-02-28;106;210;157455;97650;5.7;3.5
27;2021-03-01;3515;3265;160970;100915;5.8;3.6
27;2021-03-02;5194;3999;166164;104914;6.0;3.8
27;2021-03-03;5728;3488;171892;108402;6.2;3.9
27;2021-03-04;7161;3408;179053;111810;6.4;4.0
27;2021-03-05;9327;2801;188380;114611;6.8;4.1
27;2021-03-06;6217;949;194597;115560;7.0;4.2
27;2021-03-07;833;14;195430;115574;7.0;4.2
27;2021-03-08;4435;3187;199865;118761;7.2;4.3
27;2021-03-09;7787;2973;207652;121734;7.5;4.4
28;2020-12-29;2;0;2;0;0.0;0.0
28;2020-12-31;1;0;3;0;0.0;0.0
28;2021-01-03;1;0;4;0;0.0;0.0
28;2021-01-04;16;0;20;0;0.0;0.0
28;2021-01-05;169;0;189;0;0.0;0.0
28;2021-01-06;1355;0;1544;0;0.0;0.0
28;2021-01-07;2568;0;4112;0;0.1;0.0
28;2021-01-08;3396;0;7508;0;0.2;0.0
28;2021-01-09;1326;0;8834;0;0.3;0.0
28;2021-01-10;703;0;9537;0;0.3;0.0
28;2021-01-11;3150;0;12687;0;0.4;0.0
28;2021-01-12;3899;0;16586;0;0.5;0.0
28;2021-01-13;4259;0;20845;0;0.6;0.0
28;2021-01-14;7929;0;28774;0;0.9;0.0
28;2021-01-15;6162;0;34936;0;1.1;0.0
28;2021-01-16;2082;62;37018;62;1.1;0.0
28;2021-01-17;4060;2;41078;64;1.2;0.0
28;2021-01-18;8676;2;49754;66;1.5;0.0
28;2021-01-19;7066;0;56820;66;1.7;0.0
28;2021-01-20;6484;0;63304;66;1.9;0.0
28;2021-01-21;5968;0;69272;66;2.1;0.0
28;2021-01-22;5436;1;74708;67;2.3;0.0
28;2021-01-23;2015;2;76723;69;2.3;0.0
28;2021-01-24;1443;9;78166;78;2.4;0.0
28;2021-01-25;6215;166;84381;244;2.6;0.0
28;2021-01-26;4568;491;88949;735;2.7;0.0
28;2021-01-27;4008;840;92957;1575;2.8;0.0
28;2021-01-28;3736;1021;96693;2596;2.9;0.1
28;2021-01-29;3482;1348;100175;3944;3.0;0.1
28;2021-01-30;1386;511;101561;4455;3.1;0.1
28;2021-01-31;195;123;101756;4578;3.1;0.1
28;2021-02-01;2775;1739;104531;6317;3.2;0.2
28;2021-02-02;2967;2557;107498;8874;3.3;0.3
28;2021-02-03;2938;3112;110436;11986;3.3;0.4
28;2021-02-04;3688;6219;114124;18205;3.5;0.6
28;2021-02-05;3856;4305;117980;22510;3.6;0.7
28;2021-02-06;1125;1475;119105;23985;3.6;0.7
28;2021-02-07;713;2603;119818;26588;3.6;0.8
28;2021-02-08;3781;7697;123599;34285;3.7;1.0
28;2021-02-09;3428;5689;127027;39974;3.8;1.2
28;2021-02-10;3390;4659;130417;44633;3.9;1.4
28;2021-02-11;4074;4784;134491;49417;4.1;1.5
28;2021-02-12;3939;4254;138430;53671;4.2;1.6
28;2021-02-13;1107;1585;139537;55256;4.2;1.7
28;2021-02-14;281;1307;139818;56563;4.2;1.7
28;2021-02-15;2161;6187;141979;62750;4.3;1.9
28;2021-02-16;2605;5148;144584;67898;4.4;2.1
28;2021-02-17;1910;4399;146494;72297;4.4;2.2
28;2021-02-18;2482;4012;148976;76309;4.5;2.3
28;2021-02-19;2455;3467;151431;79776;4.6;2.4
28;2021-02-20;907;1244;152338;81020;4.6;2.5
28;2021-02-21;100;299;152438;81319;4.6;2.5
28;2021-02-22;1647;3957;154085;85276;4.7;2.6
28;2021-02-23;2133;3661;156218;88937;4.7;2.7
28;2021-02-24;2328;3735;158546;92672;4.8;2.8
28;2021-02-25;4672;4182;163218;96854;4.9;2.9
28;2021-02-26;5705;3654;168923;100508;5.1;3.0
28;2021-02-27;2965;1058;171888;101566;5.2;3.1
28;2021-02-28;340;358;172228;101924;5.2;3.1
28;2021-03-01;2479;4764;174707;106688;5.3;3.2
28;2021-03-02;3821;3898;178528;110586;5.4;3.3
28;2021-03-03;4642;3075;183170;113661;5.5;3.4
28;2021-03-04;6960;2560;190130;116221;5.8;3.5
28;2021-03-05;9775;2220;199905;118441;6.1;3.6
28;2021-03-06;9626;667;209531;119108;6.3;3.6
28;2021-03-07;3743;110;213274;119218;6.5;3.6
28;2021-03-08;5669;3023;218943;122241;6.6;3.7
28;2021-03-09;8909;2611;227852;124852;6.9;3.8
32;2020-12-28;26;0;26;0;0.0;0.0
32;2020-12-29;12;0;38;0;0.0;0.0
32;2021-01-01;1;0;39;0;0.0;0.0
32;2021-01-03;2;0;41;0;0.0;0.0
32;2021-01-04;81;0;122;0;0.0;0.0
32;2021-01-05;297;0;419;0;0.0;0.0
32;2021-01-06;785;0;1204;0;0.0;0.0
32;2021-01-07;2418;0;3622;0;0.1;0.0
32;2021-01-08;3120;0;6742;0;0.1;0.0
32;2021-01-09;955;0;7697;0;0.1;0.0
32;2021-01-10;633;0;8330;0;0.1;0.0
32;2021-01-11;3135;0;11465;0;0.2;0.0
32;2021-01-12;4737;0;16202;0;0.3;0.0
32;2021-01-13;4798;0;21000;0;0.4;0.0
32;2021-01-14;5535;0;26535;0;0.4;0.0
32;2021-01-15;5034;0;31569;0;0.5;0.0
32;2021-01-16;1631;39;33200;39;0.6;0.0
32;2021-01-17;855;0;34055;39;0.6;0.0
32;2021-01-18;7081;1;41136;40;0.7;0.0
32;2021-01-19;9770;31;50906;71;0.9;0.0
32;2021-01-20;10161;7;61067;78;1.0;0.0
32;2021-01-21;12395;6;73462;84;1.2;0.0
32;2021-01-22;9672;1;83134;85;1.4;0.0
32;2021-01-23;3354;0;86488;85;1.5;0.0
32;2021-01-24;1119;12;87607;97;1.5;0.0
32;2021-01-25;6741;122;94348;219;1.6;0.0
32;2021-01-26;7277;202;101625;421;1.7;0.0
32;2021-01-27;4789;536;106414;957;1.8;0.0
32;2021-01-28;8438;2146;114852;3103;1.9;0.1
32;2021-01-29;5273;2215;120125;5318;2.0;0.1
32;2021-01-30;507;454;120632;5772;2.0;0.1
32;2021-01-31;66;136;120698;5908;2.0;0.1
32;2021-02-01;189;2265;120887;8173;2.0;0.1
32;2021-02-02;772;3598;121659;11771;2.0;0.2
32;2021-02-03;4037;3210;125696;14981;2.1;0.3
32;2021-02-04;3666;3785;129362;18766;2.2;0.3
32;2021-02-05;1963;3542;131325;22308;2.2;0.4
32;2021-02-06;508;957;131833;23265;2.2;0.4
32;2021-02-07;533;194;132366;23459;2.2;0.4
32;2021-02-08;1851;3541;134217;27000;2.3;0.5
32;2021-02-09;2537;4441;136754;31441;2.3;0.5
32;2021-02-10;2911;5350;139665;36791;2.3;0.6
32;2021-02-11;4654;6657;144319;43448;2.4;0.7
32;2021-02-12;4834;4758;149153;48206;2.5;0.8
32;2021-02-13;924;1859;150077;50065;2.5;0.8
32;2021-02-14;115;1032;150192;51097;2.5;0.9
32;2021-02-15;3400;7163;153592;58260;2.6;1.0
32;2021-02-16;3940;8297;157532;66557;2.6;1.1
32;2021-02-17;4196;8573;161728;75130;2.7;1.3
32;2021-02-18;6672;12130;168400;87260;2.8;1.5
32;2021-02-19;6797;8053;175197;95313;2.9;1.6
32;2021-02-20;2475;2527;177672;97840;3.0;1.6
32;2021-02-21;431;347;178103;98187;3.0;1.6
32;2021-02-22;3162;5013;181265;103200;3.0;1.7
32;2021-02-23;5349;5526;186614;108726;3.1;1.8
32;2021-02-24;7242;6069;193856;114795;3.3;1.9
32;2021-02-25;12572;4383;206428;119178;3.5;2.0
32;2021-02-26;12295;2260;218723;121438;3.7;2.0
32;2021-02-27;6231;270;224954;121708;3.8;2.0
32;2021-02-28;300;111;225254;121819;3.8;2.0
32;2021-03-01;6960;373;232214;122192;3.9;2.0
32;2021-03-02;10552;526;242766;122718;4.1;2.1
32;2021-03-03;11633;814;254399;123532;4.3;2.1
32;2021-03-04;14195;1684;268594;125216;4.5;2.1
32;2021-03-05;16590;1310;285184;126526;4.8;2.1
32;2021-03-06;27060;541;312244;127067;5.2;2.1
32;2021-03-07;19208;105;331452;127172;5.6;2.1
32;2021-03-08;8505;2015;339957;129187;5.7;2.2
32;2021-03-09;13528;2610;353485;131797;5.9;2.2
44;2020-12-31;11;0;11;0;0.0;0.0
44;2021-01-02;2;0;13;0;0.0;0.0
44;2021-01-03;1;0;14;0;0.0;0.0
44;2021-01-04;239;0;253;0;0.0;0.0
44;2021-01-05;769;0;1022;0;0.0;0.0
44;2021-01-06;1241;0;2263;0;0.0;0.0
44;2021-01-07;2385;0;4648;0;0.1;0.0
44;2021-01-08;3056;0;7704;0;0.1;0.0
44;2021-01-09;924;0;8628;0;0.2;0.0
44;2021-01-10;223;0;8851;0;0.2;0.0
44;2021-01-11;2903;0;11754;0;0.2;0.0
44;2021-01-12;5118;0;16872;0;0.3;0.0
44;2021-01-13;7473;0;24345;0;0.4;0.0
44;2021-01-14;9260;0;33605;0;0.6;0.0
44;2021-01-15;6490;0;40095;0;0.7;0.0
44;2021-01-16;1881;70;41976;70;0.8;0.0
44;2021-01-17;902;0;42878;70;0.8;0.0
44;2021-01-18;8666;1;51544;71;0.9;0.0
44;2021-01-19;10548;1;62092;72;1.1;0.0
44;2021-01-20;10848;4;72940;76;1.3;0.0
44;2021-01-21;11636;7;84576;83;1.5;0.0
44;2021-01-22;9551;4;94127;87;1.7;0.0
44;2021-01-23;3279;15;97406;102;1.8;0.0
44;2021-01-24;1565;6;98971;108;1.8;0.0
44;2021-01-25;6520;293;105491;401;1.9;0.0
44;2021-01-26;5625;447;111116;848;2.0;0.0
44;2021-01-27;7339;653;118455;1501;2.1;0.0
44;2021-01-28;8739;1395;127194;2896;2.3;0.1
44;2021-01-29;6708;1937;133902;4833;2.4;0.1
44;2021-01-30;2536;634;136438;5467;2.5;0.1
44;2021-01-31;1243;139;137681;5606;2.5;0.1
44;2021-02-01;6296;2340;143977;7946;2.6;0.1
44;2021-02-02;6054;4328;150031;12274;2.7;0.2
44;2021-02-03;5485;5196;155516;17470;2.8;0.3
44;2021-02-04;6236;7851;161752;25321;2.9;0.5
44;2021-02-05;6243;5051;167995;30372;3.0;0.6
44;2021-02-06;1958;1306;169953;31678;3.1;0.6
44;2021-02-07;406;685;170359;32363;3.1;0.6
44;2021-02-08;3787;4642;174146;37005;3.2;0.7
44;2021-02-09;5576;5954;179722;42959;3.3;0.8
44;2021-02-10;6101;6127;185823;49086;3.4;0.9
44;2021-02-11;6909;6934;192732;56020;3.5;1.0
44;2021-02-12;7138;5153;199870;61173;3.6;1.1
44;2021-02-13;2503;1179;202373;62352;3.7;1.1
44;2021-02-14;1604;1083;203977;63435;3.7;1.2
44;2021-02-15;3837;6665;207814;70100;3.8;1.3
44;2021-02-16;4447;7351;212261;77451;3.9;1.4
44;2021-02-17;4556;8049;216817;85500;3.9;1.6
44;2021-02-18;5753;9281;222570;94781;4.0;1.7
44;2021-02-19;5206;7025;227776;101806;4.1;1.8
44;2021-02-20;2316;2885;230092;104691;4.2;1.9
44;2021-02-21;528;1370;230620;106061;4.2;1.9
44;2021-02-22;4225;7097;234845;113158;4.3;2.1
44;2021-02-23;5690;6691;240535;119849;4.4;2.2
44;2021-02-24;6294;5867;246829;125716;4.5;2.3
44;2021-02-25;10079;6807;256908;132523;4.7;2.4
44;2021-02-26;12015;5651;268923;138174;4.9;2.5
44;2021-02-27;7767;2121;276690;140295;5.0;2.5
44;2021-02-28;2084;439;278774;140734;5.1;2.6
44;2021-03-01;5825;4403;284599;145137;5.2;2.6
44;2021-03-02;9049;5246;293648;150383;5.3;2.7
44;2021-03-03;10940;5296;304588;155679;5.5;2.8
44;2021-03-04;12687;5532;317275;161211;5.8;2.9
44;2021-03-05;17185;4844;334460;166055;6.1;3.0
44;2021-03-06;19231;1676;353691;167731;6.4;3.0
44;2021-03-07;9887;505;363578;168236;6.6;3.1
44;2021-03-08;8598;3854;372176;172090;6.8;3.1
44;2021-03-09;13997;4203;386173;176293;7.0;3.2
52;2021-01-01;1;0;1;0;0.0;0.0
52;2021-01-02;1;0;2;0;0.0;0.0
52;2021-01-03;1;0;3;0;0.0;0.0
52;2021-01-04;34;0;37;0;0.0;0.0
52;2021-01-05;167;0;204;0;0.0;0.0
52;2021-01-06;378;0;582;0;0.0;0.0
52;2021-01-07;873;0;1455;0;0.0;0.0
52;2021-01-08;1628;0;3083;0;0.1;0.0
52;2021-01-09;1048;0;4131;0;0.1;0.0
52;2021-01-10;643;0;4774;0;0.1;0.0
52;2021-01-11;2191;0;6965;0;0.2;0.0
52;2021-01-12;3082;0;10047;0;0.3;0.0
52;2021-01-13;2912;0;12959;0;0.3;0.0
52;2021-01-14;3241;0;16200;0;0.4;0.0
52;2021-01-15;2981;0;19181;0;0.5;0.0
52;2021-01-16;890;22;20071;22;0.5;0.0
52;2021-01-17;498;0;20569;22;0.5;0.0
52;2021-01-18;3196;1;23765;23;0.6;0.0
52;2021-01-19;6508;1;30273;24;0.8;0.0
52;2021-01-20;8221;0;38494;24;1.0;0.0
52;2021-01-21;11987;0;50481;24;1.3;0.0
52;2021-01-22;7170;19;57651;43;1.5;0.0
52;2021-01-23;1676;2;59327;45;1.6;0.0
52;2021-01-24;174;0;59501;45;1.6;0.0
52;2021-01-25;2988;10;62489;55;1.6;0.0
52;2021-01-26;6697;187;69186;242;1.8;0.0
52;2021-01-27;7225;160;76411;402;2.0;0.0
52;2021-01-28;9649;537;86060;939;2.3;0.0
52;2021-01-29;5922;985;91982;1924;2.4;0.1
52;2021-01-30;1257;371;93239;2295;2.5;0.1
52;2021-01-31;79;313;93318;2608;2.5;0.1
52;2021-02-01;2505;1348;95823;3956;2.5;0.1
52;2021-02-02;2965;2240;98788;6196;2.6;0.2
52;2021-02-03;2683;2121;101471;8317;2.7;0.2
52;2021-02-04;2955;2224;104426;10541;2.7;0.3
52;2021-02-05;2954;2253;107380;12794;2.8;0.3
52;2021-02-06;1070;682;108450;13476;2.9;0.4
52;2021-02-07;150;290;108600;13766;2.9;0.4
52;2021-02-08;1919;2177;110519;15943;2.9;0.4
52;2021-02-09;3124;4071;113643;20014;3.0;0.5
52;2021-02-10;3281;5442;116924;25456;3.1;0.7
52;2021-02-11;5893;10487;122817;35943;3.2;0.9
52;2021-02-12;4594;4869;127411;40812;3.4;1.1
52;2021-02-13;1139;1127;128550;41939;3.4;1.1
52;2021-02-14;20;304;128570;42243;3.4;1.1
52;2021-02-15;1954;3135;130524;45378;3.4;1.2
52;2021-02-16;4055;6648;134579;52026;3.5;1.4
52;2021-02-17;3748;7049;138327;59075;3.6;1.6
52;2021-02-18;6023;9550;144350;68625;3.8;1.8
52;2021-02-19;5184;5690;149534;74315;3.9;2.0
52;2021-02-20;951;1219;150485;75534;4.0;2.0
52;2021-02-21;6;68;150491;75602;4.0;2.0
52;2021-02-22;2556;2952;153047;78554;4.0;2.1
52;2021-02-23;3299;3312;156346;81866;4.1;2.2
52;2021-02-24;3179;2726;159525;84592;4.2;2.2
52;2021-02-25;6215;2955;165740;87547;4.4;2.3
52;2021-02-26;6101;2724;171841;90271;4.5;2.4
52;2021-02-27;2188;999;174029;91270;4.6;2.4
52;2021-02-28;72;42;174101;91312;4.6;2.4
52;2021-03-01;3008;2259;177109;93571;4.7;2.5
52;2021-03-02;4604;3248;181713;96819;4.8;2.5
52;2021-03-03;5179;3187;186892;100006;4.9;2.6
52;2021-03-04;7493;4798;194385;104804;5.1;2.8
52;2021-03-05;8730;3658;203115;108462;5.3;2.9
52;2021-03-06;5516;965;208631;109427;5.5;2.9
52;2021-03-07;2639;2;211270;109429;5.6;2.9
52;2021-03-08;5680;2088;216950;111517;5.7;2.9
52;2021-03-09;9054;2960;226004;114477;5.9;3.0
53;2021-01-01;2;0;2;0;0.0;0.0
53;2021-01-02;3;0;5;0;0.0;0.0
53;2021-01-04;43;0;48;0;0.0;0.0
53;2021-01-05;200;0;248;0;0.0;0.0
53;2021-01-06;327;0;575;0;0.0;0.0
53;2021-01-07;834;0;1409;0;0.0;0.0
53;2021-01-08;1208;0;2617;0;0.1;0.0
53;2021-01-09;33;0;2650;0;0.1;0.0
53;2021-01-10;3;0;2653;0;0.1;0.0
53;2021-01-11;1658;0;4311;0;0.1;0.0
53;2021-01-12;3266;0;7577;0;0.2;0.0
53;2021-01-13;3246;0;10823;0;0.3;0.0
53;2021-01-14;3722;0;14545;0;0.4;0.0
53;2021-01-15;3252;0;17797;0;0.5;0.0
53;2021-01-16;682;29;18479;29;0.6;0.0
53;2021-01-17;180;1;18659;30;0.6;0.0
53;2021-01-18;3305;0;21964;30;0.7;0.0
53;2021-01-19;8091;0;30055;30;0.9;0.0
53;2021-01-20;6919;0;36974;30;1.1;0.0
53;2021-01-21;11187;1;48161;31;1.4;0.0
53;2021-01-22;7607;0;55768;31;1.7;0.0
53;2021-01-23;1490;0;57258;31;1.7;0.0
53;2021-01-24;253;0;57511;31;1.7;0.0
53;2021-01-25;3051;56;60562;87;1.8;0.0
53;2021-01-26;4080;265;64642;352;1.9;0.0
53;2021-01-27;7173;317;71815;669;2.1;0.0
53;2021-01-28;6896;632;78711;1301;2.4;0.0
53;2021-01-29;4190;722;82901;2023;2.5;0.1
53;2021-01-30;844;36;83745;2059;2.5;0.1
53;2021-01-31;78;3;83823;2062;2.5;0.1
53;2021-02-01;2205;1141;86028;3203;2.6;0.1
53;2021-02-02;3419;2361;89447;5564;2.7;0.2
53;2021-02-03;3159;2217;92606;7781;2.8;0.2
53;2021-02-04;6925;2352;99531;10133;3.0;0.3
53;2021-02-05;5392;2097;104923;12230;3.1;0.4
53;2021-02-06;1190;275;106113;12505;3.2;0.4
53;2021-02-07;213;120;106326;12625;3.2;0.4
53;2021-02-08;1635;1550;107961;14175;3.2;0.4
53;2021-02-09;3884;6035;111845;20210;3.3;0.6
53;2021-02-10;3748;5414;115593;25624;3.5;0.8
53;2021-02-11;5564;9471;121157;35095;3.6;1.1
53;2021-02-12;5546;5181;126703;40276;3.8;1.2
53;2021-02-13;1218;548;127921;40824;3.8;1.2
53;2021-02-14;25;120;127946;40944;3.8;1.2
53;2021-02-15;2278;2992;130224;43936;3.9;1.3
53;2021-02-16;3928;3049;134152;46985;4.0;1.4
53;2021-02-17;3965;5559;138117;52544;4.1;1.6
53;2021-02-18;5726;6009;143843;58553;4.3;1.8
53;2021-02-19;5086;4416;148929;62969;4.5;1.9
53;2021-02-20;1176;812;150105;63781;4.5;1.9
53;2021-02-21;162;100;150267;63881;4.5;1.9
53;2021-02-22;2308;2610;152575;66491;4.6;2.0
53;2021-02-23;3877;3444;156452;69935;4.7;2.1
53;2021-02-24;4324;3627;160776;73562;4.8;2.2
53;2021-02-25;7678;7189;168454;80751;5.0;2.4
53;2021-02-26;8550;4233;177004;84984;5.3;2.5
53;2021-02-27;3400;1096;180404;86080;5.4;2.6
53;2021-02-28;227;175;180631;86255;5.4;2.6
53;2021-03-01;3391;2088;184022;88343;5.5;2.6
53;2021-03-02;5552;4566;189574;92909;5.7;2.8
53;2021-03-03;6320;3500;195894;96409;5.9;2.9
53;2021-03-04;8945;5098;204839;101507;6.1;3.0
53;2021-03-05;11631;5066;216470;106573;6.5;3.2
53;2021-03-06;5477;810;221947;107383;6.6;3.2
53;2021-03-07;906;79;222853;107462;6.7;3.2
53;2021-03-08;5078;1748;227931;109210;6.8;3.3
53;2021-03-09;9286;2514;237217;111724;7.1;3.3
75;2020-12-28;1;0;1;0;0.0;0.0
75;2020-12-29;2;0;3;0;0.0;0.0
75;2020-12-30;1;0;4;0;0.0;0.0
75;2021-01-02;1;0;5;0;0.0;0.0
75;2021-01-04;89;0;94;0;0.0;0.0
75;2021-01-05;124;0;218;0;0.0;0.0
75;2021-01-06;735;0;953;0;0.0;0.0
75;2021-01-07;4898;0;5851;0;0.1;0.0
75;2021-01-08;5293;0;11144;0;0.2;0.0
75;2021-01-09;836;0;11980;0;0.2;0.0
75;2021-01-10;478;0;12458;0;0.2;0.0
75;2021-01-11;3551;0;16009;0;0.3;0.0
75;2021-01-12;5923;0;21932;0;0.4;0.0
75;2021-01-13;6515;0;28447;0;0.5;0.0
75;2021-01-14;7998;0;36445;0;0.6;0.0
75;2021-01-15;7504;0;43949;0;0.7;0.0
75;2021-01-16;1512;60;45461;60;0.8;0.0
75;2021-01-17;420;1;45881;61;0.8;0.0
75;2021-01-18;6857;1;52738;62;0.9;0.0
75;2021-01-19;13998;0;66736;62;1.1;0.0
75;2021-01-20;15381;0;82117;62;1.4;0.0
75;2021-01-21;16772;2;98889;64;1.6;0.0
75;2021-01-22;12871;4;111760;68;1.9;0.0
75;2021-01-23;4413;1;116173;69;1.9;0.0
75;2021-01-24;697;1;116870;70;1.9;0.0
75;2021-01-25;8848;224;125718;294;2.1;0.0
75;2021-01-26;11536;588;137254;882;2.3;0.0
75;2021-01-27;12164;853;149418;1735;2.5;0.0
75;2021-01-28;12868;3074;162286;4809;2.7;0.1
75;2021-01-29;9966;2966;172252;7775;2.9;0.1
75;2021-01-30;3374;479;175626;8254;2.9;0.1
75;2021-01-31;644;396;176270;8650;2.9;0.1
75;2021-02-01;5746;2813;182016;11463;3.0;0.2
75;2021-02-02;9509;4851;191525;16314;3.2;0.3
75;2021-02-03;9564;4384;201089;20698;3.4;0.3
75;2021-02-04;10647;6123;211736;26821;3.5;0.4
75;2021-02-05;7451;5444;219187;32265;3.7;0.5
75;2021-02-06;2363;879;221550;33144;3.7;0.6
75;2021-02-07;670;222;222220;33366;3.7;0.6
75;2021-02-08;5109;3862;227329;37228;3.8;0.6
75;2021-02-09;7252;9336;234581;46564;3.9;0.8
75;2021-02-10;7511;9349;242092;55913;4.0;0.9
75;2021-02-11;8677;11660;250769;67573;4.2;1.1
75;2021-02-12;7310;8146;258079;75719;4.3;1.3
75;2021-02-13;1885;1664;259964;77383;4.3;1.3
75;2021-02-14;272;308;260236;77691;4.3;1.3
75;2021-02-15;3198;7181;263434;84872;4.4;1.4
75;2021-02-16;4564;10242;267998;95114;4.5;1.6
75;2021-02-17;4536;11267;272534;106381;4.5;1.8
75;2021-02-18;5153;12981;277687;119362;4.6;2.0
75;2021-02-19;5265;9156;282952;128518;4.7;2.1
75;2021-02-20;975;2599;283927;131117;4.7;2.2
75;2021-02-21;180;558;284107;131675;4.7;2.2
75;2021-02-22;3530;7683;287637;139358;4.8;2.3
75;2021-02-23;5112;10588;292749;149946;4.9;2.5
75;2021-02-24;5872;10201;298621;160147;5.0;2.7
75;2021-02-25;9571;11406;308192;171553;5.1;2.9
75;2021-02-26;11751;8053;319943;179606;5.3;3.0
75;2021-02-27;5693;2393;325636;181999;5.4;3.0
75;2021-02-28;306;567;325942;182566;5.4;3.0
75;2021-03-01;4856;6496;330798;189062;5.5;3.2
75;2021-03-02;9040;7821;339838;196883;5.7;3.3
75;2021-03-03;10520;7569;350358;204452;5.8;3.4
75;2021-03-04;15973;8034;366331;212486;6.1;3.5
75;2021-03-05;20188;6678;386519;219164;6.4;3.7
75;2021-03-06;13063;1932;399582;221096;6.7;3.7
75;2021-03-07;3605;258;403187;221354;6.7;3.7
75;2021-03-08;9635;5082;412822;226436;6.9;3.8
75;2021-03-09;16106;6045;428928;232481;7.1;3.9
76;2020-12-31;1;0;1;0;0.0;0.0
76;2021-01-01;3;0;4;0;0.0;0.0
76;2021-01-02;2;0;6;0;0.0;0.0
76;2021-01-03;1;0;7;0;0.0;0.0
76;2021-01-04;58;0;65;0;0.0;0.0
76;2021-01-05;471;0;536;0;0.0;0.0
76;2021-01-06;777;0;1313;0;0.0;0.0
76;2021-01-07;2524;0;3837;0;0.1;0.0
76;2021-01-08;3164;0;7001;0;0.1;0.0
76;2021-01-09;1523;0;8524;0;0.1;0.0
76;2021-01-10;515;0;9039;0;0.2;0.0
76;2021-01-11;3444;0;12483;0;0.2;0.0
76;2021-01-12;5538;0;18021;0;0.3;0.0
76;2021-01-13;6303;0;24324;0;0.4;0.0
76;2021-01-14;8776;0;33100;0;0.6;0.0
76;2021-01-15;7078;0;40178;0;0.7;0.0
76;2021-01-16;1944;78;42122;78;0.7;0.0
76;2021-01-17;702;0;42824;78;0.7;0.0
76;2021-01-18;7559;2;50383;80;0.9;0.0
76;2021-01-19;11076;1;61459;81;1.0;0.0
76;2021-01-20;13495;1;74954;82;1.3;0.0
76;2021-01-21;16375;0;91329;82;1.5;0.0
76;2021-01-22;11611;4;102940;86;1.7;0.0
76;2021-01-23;3869;4;106809;90;1.8;0.0
76;2021-01-24;725;9;107534;99;1.8;0.0
76;2021-01-25;7749;76;115283;175;1.9;0.0
76;2021-01-26;10228;279;125511;454;2.1;0.0
76;2021-01-27;10630;548;136141;1002;2.3;0.0
76;2021-01-28;10005;1975;146146;2977;2.5;0.1
76;2021-01-29;7917;2237;154063;5214;2.6;0.1
76;2021-01-30;3177;705;157240;5919;2.7;0.1
76;2021-01-31;513;251;157753;6170;2.7;0.1
76;2021-02-01;5742;2629;163495;8799;2.8;0.1
76;2021-02-02;9845;4260;173340;13059;2.9;0.2
76;2021-02-03;9404;4412;182744;17471;3.1;0.3
76;2021-02-04;9936;6372;192680;23843;3.3;0.4
76;2021-02-05;7661;5006;200341;28849;3.4;0.5
76;2021-02-06;2657;948;202998;29797;3.4;0.5
76;2021-02-07;527;364;203525;30161;3.4;0.5
76;2021-02-08;4743;4267;208268;34428;3.5;0.6
76;2021-02-09;6173;7179;214441;41607;3.6;0.7
76;2021-02-10;6974;9731;221415;51338;3.7;0.9
76;2021-02-11;8719;11739;230134;63077;3.9;1.1
76;2021-02-12;7776;7541;237910;70618;4.0;1.2
76;2021-02-13;2585;2167;240495;72785;4.1;1.2
76;2021-02-14;344;771;240839;73556;4.1;1.2
76;2021-02-15;3260;5959;244099;79515;4.1;1.3
76;2021-02-16;4099;8533;248198;88048;4.2;1.5
76;2021-02-17;4222;9684;252420;97732;4.3;1.6
76;2021-02-18;5647;9610;258067;107342;4.4;1.8
76;2021-02-19;4732;7866;262799;115208;4.4;1.9
76;2021-02-20;1516;2869;264315;118077;4.5;2.0
76;2021-02-21;257;528;264572;118605;4.5;2.0
76;2021-02-22;3214;7263;267786;125868;4.5;2.1
76;2021-02-23;4762;10518;272548;136386;4.6;2.3
76;2021-02-24;4420;10388;276968;146774;4.7;2.5
76;2021-02-25;7992;9698;284960;156472;4.8;2.6
76;2021-02-26;9305;7951;294265;164423;5.0;2.8
76;2021-02-27;3583;2932;297848;167355;5.0;2.8
76;2021-02-28;420;332;298268;167687;5.0;2.8
76;2021-03-01;5085;5943;303353;173630;5.1;2.9
76;2021-03-02;7965;7137;311318;180767;5.3;3.1
76;2021-03-03;8941;7076;320259;187843;5.4;3.2
76;2021-03-04;13575;7877;333834;195720;5.6;3.3
76;2021-03-05;16368;6550;350202;202270;5.9;3.4
76;2021-03-06;15501;1922;365703;204192;6.2;3.4
76;2021-03-07;11102;218;376805;204410;6.4;3.5
76;2021-03-08;9653;5127;386458;209537;6.5;3.5
76;2021-03-09;15554;5774;402012;215311;6.8;3.6
84;2020-12-28;6;0;6;0;0.0;0.0
84;2020-12-29;5;0;11;0;0.0;0.0
84;2020-12-30;5;0;16;0;0.0;0.0
84;2020-12-31;12;0;28;0;0.0;0.0
84;2021-01-01;7;0;35;0;0.0;0.0
84;2021-01-02;1;0;36;0;0.0;0.0
84;2021-01-04;173;0;209;0;0.0;0.0
84;2021-01-05;451;0;660;0;0.0;0.0
84;2021-01-06;1125;0;1785;0;0.0;0.0
84;2021-01-07;2763;0;4548;0;0.1;0.0
84;2021-01-08;3022;0;7570;0;0.1;0.0
84;2021-01-09;504;0;8074;0;0.1;0.0
84;2021-01-10;159;0;8233;0;0.1;0.0
84;2021-01-11;4138;0;12371;0;0.2;0.0
84;2021-01-12;6195;0;18566;0;0.2;0.0
84;2021-01-13;6720;0;25286;0;0.3;0.0
84;2021-01-14;8750;0;34036;0;0.4;0.0
84;2021-01-15;7566;0;41602;0;0.5;0.0
84;2021-01-16;2934;39;44536;39;0.6;0.0
84;2021-01-17;915;1;45451;40;0.6;0.0
84;2021-01-18;8794;7;54245;47;0.7;0.0
84;2021-01-19;14761;7;69006;54;0.9;0.0
84;2021-01-20;15253;6;84259;60;1.0;0.0
84;2021-01-21;14300;7;98559;67;1.2;0.0
84;2021-01-22;12259;5;110818;72;1.4;0.0
84;2021-01-23;4735;0;115553;72;1.4;0.0
84;2021-01-24;808;0;116361;72;1.4;0.0
84;2021-01-25;8716;152;125077;224;1.6;0.0
84;2021-01-26;11774;357;136851;581;1.7;0.0
84;2021-01-27;11895;683;148746;1264;1.9;0.0
84;2021-01-28;13430;1822;162176;3086;2.0;0.0
84;2021-01-29;10673;1463;172849;4549;2.2;0.1
84;2021-01-30;4125;300;176974;4849;2.2;0.1
84;2021-01-31;498;1;177472;4850;2.2;0.1
84;2021-02-01;6495;2032;183967;6882;2.3;0.1
84;2021-02-02;10440;3776;194407;10658;2.4;0.1
84;2021-02-03;11253;4201;205660;14859;2.6;0.2
84;2021-02-04;12187;5961;217847;20820;2.7;0.3
84;2021-02-05;8438;4833;226285;25653;2.8;0.3
84;2021-02-06;2620;1042;228905;26695;2.8;0.3
84;2021-02-07;451;429;229356;27124;2.9;0.3
84;2021-02-08;6155;4809;235511;31933;2.9;0.4
84;2021-02-09;9176;9115;244687;41048;3.0;0.5
84;2021-02-10;9360;9421;254047;50469;3.2;0.6
84;2021-02-11;10392;10376;264439;60845;3.3;0.8
84;2021-02-12;9391;8049;273830;68894;3.4;0.9
84;2021-02-13;3448;2225;277278;71119;3.5;0.9
84;2021-02-14;601;363;277879;71482;3.5;0.9
84;2021-02-15;4686;8398;282565;79880;3.5;1.0
84;2021-02-16;5868;10505;288433;90385;3.6;1.1
84;2021-02-17;5726;11308;294159;101693;3.7;1.3
84;2021-02-18;6605;11893;300764;113586;3.7;1.4
84;2021-02-19;6353;8838;307117;122424;3.8;1.5
84;2021-02-20;1692;3286;308809;125710;3.8;1.6
84;2021-02-21;175;457;308984;126167;3.8;1.6
84;2021-02-22;4100;8699;313084;134866;3.9;1.7
84;2021-02-23;6786;11719;319870;146585;4.0;1.8
84;2021-02-24;6975;12029;326845;158614;4.1;2.0
84;2021-02-25;11803;13447;338648;172061;4.2;2.1
84;2021-02-26;13894;8860;352542;180921;4.4;2.3
84;2021-02-27;5347;2844;357889;183765;4.5;2.3
84;2021-02-28;447;255;358336;184020;4.5;2.3
84;2021-03-01;8564;6149;366900;190169;4.6;2.4
84;2021-03-02;14106;7844;381006;198013;4.7;2.5
84;2021-03-03;14155;7371;395161;205384;4.9;2.6
84;2021-03-04;19737;7381;414898;212765;5.2;2.6
84;2021-03-05;24613;6187;439511;218952;5.5;2.7
84;2021-03-06;18222;2025;457733;220977;5.7;2.8
84;2021-03-07;7426;119;465159;221096;5.8;2.8
84;2021-03-08;11585;5773;476744;226869;5.9;2.8
84;2021-03-09;19056;5983;495800;232852;6.2;2.9
93;2020-12-30;3;0;3;0;0.0;0.0
93;2020-12-31;19;0;22;0;0.0;0.0
93;2021-01-01;9;0;31;0;0.0;0.0
93;2021-01-02;2;0;33;0;0.0;0.0
93;2021-01-03;1;0;34;0;0.0;0.0
93;2021-01-04;131;0;165;0;0.0;0.0
93;2021-01-05;239;0;404;0;0.0;0.0
93;2021-01-06;403;0;807;0;0.0;0.0
93;2021-01-07;1234;0;2041;0;0.0;0.0
93;2021-01-08;1557;0;3598;0;0.1;0.0
93;2021-01-09;536;0;4134;0;0.1;0.0
93;2021-01-10;72;0;4206;0;0.1;0.0
93;2021-01-11;2328;0;6534;0;0.1;0.0
93;2021-01-12;4961;0;11495;0;0.2;0.0
93;2021-01-13;4312;0;15807;0;0.3;0.0
93;2021-01-14;5276;0;21083;0;0.4;0.0
93;2021-01-15;4785;0;25868;0;0.5;0.0
93;2021-01-16;1659;37;27527;37;0.5;0.0
93;2021-01-17;297;1;27824;38;0.6;0.0
93;2021-01-18;6850;4;34674;42;0.7;0.0
93;2021-01-19;13143;1;47817;43;0.9;0.0
93;2021-01-20;11871;3;59688;46;1.2;0.0
93;2021-01-21;12021;11;71709;57;1.4;0.0
93;2021-01-22;9786;1;81495;58;1.6;0.0
93;2021-01-23;3229;0;84724;58;1.7;0.0
93;2021-01-24;513;0;85237;58;1.7;0.0
93;2021-01-25;7108;64;92345;122;1.8;0.0
93;2021-01-26;9549;143;101894;265;2.0;0.0
93;2021-01-27;8982;343;110876;608;2.2;0.0
93;2021-01-28;13284;942;124160;1550;2.5;0.0
93;2021-01-29;9542;1075;133702;2625;2.6;0.1
93;2021-01-30;2205;116;135907;2741;2.7;0.1
93;2021-01-31;297;0;136204;2741;2.7;0.1
93;2021-02-01;5020;1641;141224;4382;2.8;0.1
93;2021-02-02;5861;2363;147085;6745;2.9;0.1
93;2021-02-03;4967;2039;152052;8784;3.0;0.2
93;2021-02-04;5269;3905;157321;12689;3.1;0.3
93;2021-02-05;5899;4819;163220;17508;3.2;0.3
93;2021-02-06;1220;1099;164440;18607;3.3;0.4
93;2021-02-07;276;16;164716;18623;3.3;0.4
93;2021-02-08;4259;3995;168975;22618;3.3;0.4
93;2021-02-09;5776;8068;174751;30686;3.5;0.6
93;2021-02-10;5643;6626;180394;37312;3.6;0.7
93;2021-02-11;6409;7061;186803;44373;3.7;0.9
93;2021-02-12;5481;6443;192284;50816;3.8;1.0
93;2021-02-13;1070;1638;193354;52454;3.8;1.0
93;2021-02-14;68;241;193422;52695;3.8;1.0
93;2021-02-15;2288;5717;195710;58412;3.9;1.2
93;2021-02-16;3011;7844;198721;66256;3.9;1.3
93;2021-02-17;3478;9160;202199;75416;4.0;1.5
93;2021-02-18;5413;12509;207612;87925;4.1;1.7
93;2021-02-19;5257;8437;212869;96362;4.2;1.9
93;2021-02-20;754;1772;213623;98134;4.2;1.9
93;2021-02-21;69;321;213692;98455;4.2;1.9
93;2021-02-22;2669;6078;216361;104533;4.3;2.1
93;2021-02-23;3307;6254;219668;110787;4.3;2.2
93;2021-02-24;3953;6247;223621;117034;4.4;2.3
93;2021-02-25;7253;5978;230874;123012;4.6;2.4
93;2021-02-26;7729;5365;238603;128377;4.7;2.5
93;2021-02-27;2766;1244;241369;129621;4.8;2.6
93;2021-02-28;299;207;241668;129828;4.8;2.6
93;2021-03-01;4684;4233;246352;134061;4.9;2.7
93;2021-03-02;6479;5470;252831;139531;5.0;2.8
93;2021-03-03;8006;5999;260837;145530;5.2;2.9
93;2021-03-04;10253;6540;271090;152070;5.4;3.0
93;2021-03-05;11137;5320;282227;157390;5.6;3.1
93;2021-03-06;17850;991;300077;158381;5.9;3.1
93;2021-03-07;12378;120;312455;158501;6.2;3.1
93;2021-03-08;8418;3879;320873;162380;6.3;3.2
93;2021-03-09;11537;4389;332410;166769;6.6;3.3
94;2021-01-04;2;0;2;0;0.0;0.0
94;2021-01-06;53;0;55;0;0.0;0.0
94;2021-01-07;330;0;385;0;0.1;0.0
94;2021-01-08;309;0;694;0;0.2;0.0
94;2021-01-09;76;0;770;0;0.2;0.0
94;2021-01-10;34;0;804;0;0.2;0.0
94;2021-01-11;151;0;955;0;0.3;0.0
94;2021-01-12;206;0;1161;0;0.3;0.0
94;2021-01-13;203;0;1364;0;0.4;0.0
94;2021-01-14;263;0;1627;0;0.5;0.0
94;2021-01-15;380;0;2007;0;0.6;0.0
94;2021-01-16;197;2;2204;2;0.6;0.0
94;2021-01-17;89;0;2293;2;0.7;0.0
94;2021-01-18;470;0;2763;2;0.8;0.0
94;2021-01-19;980;0;3743;2;1.1;0.0
94;2021-01-20;804;0;4547;2;1.3;0.0
94;2021-01-21;806;0;5353;2;1.6;0.0
94;2021-01-22;704;0;6057;2;1.8;0.0
94;2021-01-23;243;1;6300;3;1.8;0.0
94;2021-01-24;146;0;6446;3;1.9;0.0
94;2021-01-25;422;1;6868;4;2.0;0.0
94;2021-01-26;788;5;7656;9;2.2;0.0
94;2021-01-27;663;56;8319;65;2.4;0.0
94;2021-01-28;702;241;9021;306;2.6;0.1
94;2021-01-29;608;248;9629;554;2.8;0.2
94;2021-01-30;204;75;9833;629;2.9;0.2
94;2021-01-31;149;7;9982;636;2.9;0.2
94;2021-02-01;451;170;10433;806;3.0;0.2
94;2021-02-02;642;167;11075;973;3.2;0.3
94;2021-02-03;780;166;11855;1139;3.4;0.3
94;2021-02-04;712;304;12567;1443;3.6;0.4
94;2021-02-05;656;238;13223;1681;3.8;0.5
94;2021-02-06;206;80;13429;1761;3.9;0.5
94;2021-02-07;126;50;13555;1811;3.9;0.5
94;2021-02-08;321;369;13876;2180;4.0;0.6
94;2021-02-09;712;621;14588;2801;4.2;0.8
94;2021-02-10;638;398;15226;3199;4.4;0.9
94;2021-02-11;672;447;15898;3646;4.6;1.1
94;2021-02-12;640;400;16538;4046;4.8;1.2
94;2021-02-13;284;74;16822;4120;4.9;1.2
94;2021-02-14;193;74;17015;4194;4.9;1.2
94;2021-02-15;376;278;17391;4472;5.0;1.3
94;2021-02-16;632;601;18023;5073;5.2;1.5
94;2021-02-17;583;451;18606;5524;5.4;1.6
94;2021-02-18;544;542;19150;6066;5.6;1.8
94;2021-02-19;290;592;19440;6658;5.6;1.9
94;2021-02-20;275;192;19715;6850;5.7;2.0
94;2021-02-21;55;84;19770;6934;5.7;2.0
94;2021-02-22;211;395;19981;7329;5.8;2.1
94;2021-02-23;350;642;20331;7971;5.9;2.3
94;2021-02-24;294;595;20625;8566;6.0;2.5
94;2021-02-25;347;605;20972;9171;6.1;2.7
94;2021-02-26;413;550;21385;9721;6.2;2.8
94;2021-02-27;367;151;21752;9872;6.3;2.9
94;2021-02-28;68;123;21820;9995;6.3;2.9
94;2021-03-01;346;415;22166;10410;6.4;3.0
94;2021-03-02;543;648;22709;11058;6.6;3.2
94;2021-03-03;518;683;23227;11741;6.7;3.4
94;2021-03-04;938;637;24165;12378;7.0;3.6
94;2021-03-05;1549;608;25714;12986;7.5;3.8
94;2021-03-06;1792;150;27506;13136;8.0;3.8
94;2021-03-07;1347;96;28853;13232;8.4;3.8
94;2021-03-08;1217;316;30070;13548;8.7;3.9
94;2021-03-09;1188;636;31258;14184;9.1;4.1
