fra;jour;n_dose1;n_dose2;n_cum_dose1;couv_dose1;n_cum_dose2;couv_dose2
FR;2020-12-27;16;0;16;0.0;0;0.0
FR;2020-12-28;57;0;73;0.0;0;0.0
FR;2020-12-29;104;0;177;0.0;0;0.0
FR;2020-12-30;110;0;287;0.0;0;0.0
FR;2020-12-31;81;0;368;0.0;0;0.0
FR;2021-01-01;49;0;417;0.0;0;0.0
FR;2021-01-02;70;0;487;0.0;0;0.0
FR;2021-01-03;85;0;572;0.0;0;0.0
FR;2021-01-04;1460;0;2032;0.0;0;0.0
FR;2021-01-05;5324;0;7356;0.0;0;0.0
FR;2021-01-06;11204;0;18560;0.0;0;0.0
FR;2021-01-07;28346;0;46906;0.1;0;0.0
FR;2021-01-08;35773;0;82679;0.1;0;0.0
FR;2021-01-09;10849;0;93528;0.1;0;0.0
FR;2021-01-10;5592;0;99120;0.1;0;0.0
FR;2021-01-11;38494;0;137614;0.2;0;0.0
FR;2021-01-12;59789;0;197403;0.3;0;0.0
FR;2021-01-13;62776;0;260179;0.4;0;0.0
FR;2021-01-14;78925;0;339104;0.5;0;0.0
FR;2021-01-15;66599;0;405703;0.6;0;0.0
FR;2021-01-16;19548;596;425251;0.6;596;0.0
FR;2021-01-17;10424;6;435675;0.6;602;0.0
FR;2021-01-18;83663;34;519338;0.8;636;0.0
FR;2021-01-19;127373;114;646711;1.0;750;0.0
FR;2021-01-20;133836;62;780547;1.2;812;0.0
FR;2021-01-21;153803;70;934350;1.4;882;0.0
FR;2021-01-22;117360;123;1051710;1.6;1005;0.0
FR;2021-01-23;37682;56;1089392;1.6;1061;0.0
FR;2021-01-24;9296;92;1098688;1.6;1153;0.0
FR;2021-01-25;76287;1412;1174975;1.8;2565;0.0
FR;2021-01-26;97858;3792;1272833;1.9;6357;0.0
FR;2021-01-27;104932;6656;1377765;2.1;13013;0.0
FR;2021-01-28;121187;17220;1498952;2.2;30233;0.0
FR;2021-01-29;90092;19355;1589044;2.4;49588;0.1
FR;2021-01-30;28577;4585;1617621;2.4;54173;0.1
FR;2021-01-31;4848;1885;1622469;2.4;56058;0.1
FR;2021-02-01;51175;23698;1673644;2.5;79756;0.1
FR;2021-02-02;69968;39994;1743612;2.6;119750;0.2
FR;2021-02-03;70487;41151;1814099;2.7;160901;0.2
FR;2021-02-04;79626;57471;1893725;2.8;218372;0.3
FR;2021-02-05;66368;48456;1960093;2.9;266828;0.4
FR;2021-02-06;21159;11173;1981252;3.0;278001;0.4
FR;2021-02-07;4801;6370;1986053;3.0;284371;0.4
FR;2021-02-08;45604;49074;2031657;3.0;333445;0.5
FR;2021-02-09;64275;80944;2095932;3.1;414389;0.6
FR;2021-02-10;68489;85681;2164421;3.2;500070;0.7
FR;2021-02-11;84433;107937;2248854;3.4;608007;0.9
FR;2021-02-12;76688;74427;2325542;3.5;682434;1.0
FR;2021-02-13;21484;18267;2347026;3.5;700701;1.0
FR;2021-02-14;4527;6609;2351553;3.5;707310;1.1
FR;2021-02-15;36588;73956;2388141;3.6;781266;1.2
FR;2021-02-16;48586;95233;2436727;3.6;876499;1.3
FR;2021-02-17;48777;106219;2485504;3.7;982718;1.5
FR;2021-02-18;66599;123711;2552103;3.8;1106429;1.6
FR;2021-02-19;62792;89499;2614895;3.9;1195928;1.8
FR;2021-02-20;17814;27386;2632709;3.9;1223314;1.8
FR;2021-02-21;2833;5338;2635542;3.9;1228652;1.8
FR;2021-02-22;35841;69844;2671383;4.0;1298496;1.9
FR;2021-02-23;51759;82686;2723142;4.1;1381182;2.1
FR;2021-02-24;56818;81418;2779960;4.1;1462600;2.2
FR;2021-02-25;96682;87176;2876642;4.3;1549776;2.3
FR;2021-02-26;109761;67820;2986403;4.4;1617596;2.4
FR;2021-02-27;50069;21822;3036472;4.5;1639418;2.4
FR;2021-02-28;5575;3557;3042047;4.5;1642975;2.4
FR;2021-03-01;61536;51575;3103583;4.6;1694550;2.5
FR;2021-03-02;96901;65532;3200484;4.8;1760082;2.6
FR;2021-03-03;110861;63435;3311345;4.9;1823517;2.7
FR;2021-03-04;154733;71938;3466078;5.2;1895455;2.8
FR;2021-03-05;193397;60084;3659475;5.5;1955539;2.9
FR;2021-03-06;199885;16429;3859360;5.8;1971968;2.9
FR;2021-03-07;116824;2305;3976184;5.9;1974273;2.9
FR;2021-03-08;102316;46299;4078500;6.1;2020572;3.0
FR;2021-03-09;165948;53266;4244448;6.3;2073838;3.1
FR;2021-03-10;171140;54845;4415588;6.6;2128683;3.2
FR;2021-03-11;234084;61859;4649672;6.9;2190542;3.3
FR;2021-03-12;284892;50869;4934564;7.4;2241411;3.3
FR;2021-03-13;222785;14463;5157349;7.7;2255874;3.4
FR;2021-03-14;61064;2361;5218413;7.8;2258235;3.4
FR;2021-03-15;152325;28861;5370738;8.0;2287096;3.4
FR;2021-03-16;136274;36514;5507012;8.2;2323610;3.5
FR;2021-03-17;143538;35015;5650550;8.4;2358625;3.5
FR;2021-03-18;160329;41446;5810879;8.7;2400071;3.6
FR;2021-03-19;220944;33875;6031823;9.0;2433946;3.6
FR;2021-03-20;161463;10435;6193286;9.2;2444381;3.6
FR;2021-03-21;47975;1423;6241261;9.3;2445804;3.6
FR;2021-03-22;163400;31037;6404661;9.5;2476841;3.7
FR;2021-03-23;240983;39796;6645644;9.9;2516637;3.7
FR;2021-03-24;246242;40316;6891886;10.3;2556953;3.8
FR;2021-03-25;324419;41716;7216305;10.8;2598669;3.9
FR;2021-03-26;340083;37444;7556388;11.3;2636113;3.9
FR;2021-03-27;186078;15664;7742466;11.5;2651777;4.0
